 49.25   53.89   59.71   55.05   59.98   57.90   58.17   57.91   57.43   56.69   62.13   65.79   65.27   64.27   62.65   62.82   64.76   56.65   60.03   58.42   61.60   58.93   59.93   58.59   60.11   57.95   58.10   60.66   54.48   44.07  
 57.29   82.85   76.34   83.17   79.76   83.74   74.07   80.05   76.49   76.60   74.27   74.46   73.22   79.68   89.90   82.74   84.07   72.89   73.97   73.03   74.62   79.39   76.09   80.75   75.37   76.72   79.81   75.52   76.19   56.35  
 60.32   89.68   79.88   88.14   79.54   79.31   77.20   74.77   75.97   73.51   70.24   72.40   71.31   78.79   86.75   88.42   81.65   68.10   67.87   68.71   69.21   76.67   75.57   75.15   73.91   74.33   75.06   75.49   72.65   60.24  
 60.98   79.41   78.82   71.34   80.14   72.59   82.54   80.28   79.44   78.77   78.88   67.99   71.57   80.17   89.44   80.35   82.21   65.69   67.93   68.86   68.57   75.01   75.45   74.21   74.94   75.13   74.07   75.59   75.64   64.21  
 67.20   74.93   78.83   78.37   76.81   86.53   82.65   82.03   86.42   82.60   81.20   82.35   65.68   64.97   60.48   63.67   73.43   68.95   69.72   71.32   71.96   80.01   78.02   77.64   72.94   81.52   71.88   74.21   82.28   68.32  
 69.24   88.17   80.89   83.64   80.94   80.73   87.17   81.71   82.00   82.74   81.13   79.73   71.27   63.22   62.55   61.08   64.33   70.11   68.94   68.44   72.03   80.78   65.95   65.94   82.46   72.87   74.44   81.30   88.97   68.10  
 67.65   89.50   89.05   82.92   84.50   82.10   77.06   71.07   63.60   63.43   69.24   61.92   60.85   60.88   61.61   61.49   60.62   65.58   66.38   69.49   66.22   61.78   61.26   64.16   66.59   73.12   77.42   88.27   90.06   67.06  
 68.08   90.73   90.20   82.99   73.82   66.63   63.41   63.90   63.59   60.82   59.61   59.80   60.01   59.61   60.64   61.25   61.47   63.17   64.76   61.35   60.82   61.16   61.19   74.93   81.86   81.00   88.21   90.93   91.72   66.92  
 67.26   87.85   87.21   89.60   86.28   64.84   62.86   62.62   63.02   63.76   64.59   65.12   64.94   64.98   61.63   49.17   35.66   29.94   49.21   26.54   40.36   52.53   72.35   87.65   89.27   88.69   87.65   89.27   89.27   66.48  
 66.45   80.30   87.25   87.66   87.50   79.15   74.70   74.61   66.90   70.29   73.65   75.22   73.70   72.22   70.86   68.78   47.23   45.19   53.66   46.51   61.43   87.12   87.69   91.26   90.91   90.91   90.11   90.91   90.91   67.51  
 60.95   77.77   82.06   87.24   82.87   82.30   80.25   80.26   65.17   63.38   73.22   74.10   72.47   72.04   76.42   75.27   72.59   72.33   74.61   72.53   79.50   88.67   86.97   89.35   89.74   89.74   87.35   88.94   88.94   65.43  
 60.33   79.14   72.52   81.46   83.74   74.51   75.64   75.97   74.95   61.07   77.04   75.24   77.23   75.22   77.08   75.49   76.78   75.60   75.56   76.68   82.31   90.14   87.29   89.55   92.12   92.12   90.51   91.31   91.31   67.80  
 59.37   82.49   72.47   64.46   74.12   85.97   84.40   79.89   75.30   74.45   77.02   75.36   77.25   75.33   77.06   75.65   76.72   75.78   75.45   76.89   80.89   89.38   86.97   90.24   91.33   90.54   87.35   88.94   88.94   65.43  
 54.98   71.26   69.71   66.45   70.04   78.15   77.32   72.01   80.96   79.06   77.28   74.68   77.47   75.18   76.80   75.71   77.03   75.81   75.28   76.90   82.37   91.38   90.68   93.19   92.04   91.24   90.41   91.21   91.21   67.73  
 55.94   72.24   73.60   75.81   68.53   74.88   76.24   77.76   75.65   72.09   76.53   74.79   76.74   74.76   76.57   74.54   76.25   75.18   74.98   76.30   81.42   88.20   90.58   89.80   89.78   91.38   88.20   89.00   88.20   65.47  
 63.21   75.15   71.72   70.98   75.23   72.24   79.99   73.86   71.22   68.06   76.48   74.72   76.69   74.70   76.52   75.00   76.20   75.11   74.96   76.20   82.25   92.15   93.14   91.73   90.93   89.94   90.74   90.74   89.75   67.23  
 68.40   84.67   70.66   70.85   81.36   75.21   80.07   75.93   65.10   61.06   76.46   74.71   76.67   74.69   76.50   74.99   76.18   75.11   74.95   74.89   82.16   90.43   93.44   92.48   91.68   91.85   90.26   91.85   88.83   65.95  
 69.46   90.06   83.77   69.73   71.87   82.85   79.90   75.61   63.96   54.63   76.03   74.81   76.75   74.66   76.58   74.84   76.27   74.68   74.99   75.41   83.72   92.11   89.45   89.83   88.65   92.11   93.70   89.70   92.09   66.60  
 70.25   91.31   90.07   81.74   70.75   77.41   76.85   75.41   76.40   61.26   77.56   75.72   77.75   75.70   77.59   75.97   77.31   76.08   76.07   72.23   79.03   92.26   90.66   91.04   91.24   92.90   92.90   89.69   88.89   66.59  
 67.61   88.84   90.44   85.92   81.39   78.48   82.00   80.46   72.78   69.90   74.14   75.56   73.71   73.02   74.25   73.05   74.51   74.89   74.75   72.86   79.51   89.82   87.98   88.03   90.90   90.09   90.09   90.88   88.67   65.96  
 65.27   87.85   82.16   83.28   85.25   77.27   76.42   75.30   70.30   82.77   74.03   75.50   72.43   54.47   50.29   46.36   51.17   48.50   46.38   60.58   80.00   91.63   91.21   90.83   93.61   94.93   92.53   93.33   93.13   68.83  
 65.72   83.11   80.07   78.44   64.16   52.45   51.39   51.18   55.73   60.22   59.66   59.54   59.46   59.51   43.86   28.07   41.20   37.45   29.72   41.45   59.78   79.29   87.77   92.05   90.60   90.35   89.40   89.00   92.16   67.85  
 67.79   91.24   92.81   87.89   81.21   82.01   76.26   66.07   61.29   61.23   61.64   61.12   61.15   61.27   61.58   59.88   61.03   63.79   60.87   60.24   61.40   62.77   69.99   70.16   71.51   76.42   89.72   91.21   96.06   69.35  
 66.29   88.94   86.86   81.76   82.63   84.51   81.65   85.69   80.61   73.74   66.62   60.07   59.72   61.31   60.41   60.66   67.90   69.50   68.46   61.00   60.71   61.62   62.41   69.79   72.08   75.08   76.67   87.95   92.13   67.82  
 68.67   89.71   80.08   84.26   84.62   82.81   86.81   82.21   85.45   84.22   84.14   77.65   70.35   60.95   60.55   73.00   84.27   69.38   71.84   75.21   64.16   64.84   77.66   74.39   86.07   72.69   75.98   80.65   91.31   68.60  
 65.23   75.62   78.36   77.82   76.74   84.38   81.36   81.55   83.00   79.79   82.29   82.33   65.65   64.34   70.49   89.63   86.08   69.62   72.08   74.58   75.00   77.63   70.03   83.25   71.68   81.75   72.57   73.84   80.96   65.43  
 60.42   81.35   79.72   71.89   81.93   73.53   82.93   81.03   80.92   78.78   80.21   68.75   71.41   83.09   92.66   91.78   88.12   70.06   72.75   66.84   68.95   75.07   76.00   73.91   75.47   75.49   75.01   74.84   76.26   63.39  
 58.90   90.15   80.20   87.72   79.04   77.74   77.26   71.73   76.01   73.51   70.35   72.21   71.28   81.23   88.16   84.79   88.61   72.75   72.72   67.46   69.43   75.69   75.19   75.36   75.04   74.45   74.33   73.35   72.75   59.43  
 57.01   83.36   76.28   83.87   78.77   82.41   73.27   79.06   77.88   76.32   73.60   74.35   73.96   80.77   83.86   88.45   86.78   75.75   74.13   71.18   77.31   80.10   77.24   80.74   76.86   76.28   81.50   77.51   77.00   55.92  
 45.41   53.31   61.09   54.47   57.72   55.71   55.88   56.96   55.84   56.24   60.63   64.50   64.94   63.82   62.75   61.27   61.46   55.87   59.74   58.60   59.92   57.01   59.25   56.61   59.58   57.28   57.10   62.04   53.54   43.58  
