 53.23   69.33   69.60   69.05   70.36   69.50   68.33   68.32   69.00   66.58   60.59   61.10   57.94   56.06   58.02   66.83   69.23   67.91   69.25   69.36   67.86   69.59   67.94   67.11   67.92   67.93   69.59   66.28   68.64   53.87  
 69.72   85.49   84.04   86.81   87.86   86.16   84.61   88.19   88.47   81.90   84.43   84.15   82.92   82.82   78.94   79.55   79.96   83.92   82.78   82.53   84.17   86.28   83.42   86.99   87.00   83.39   86.29   86.01   87.03   65.92  
 67.34   70.87   81.01   72.11   79.86   73.52   79.42   75.14   75.77   71.96   68.63   66.00   63.96   74.49   80.23   80.23   75.64   67.88   62.18   60.40   75.70   72.46   77.36   71.64   74.65   75.11   73.84   76.43   72.02   58.03  
 60.38   64.01   67.33   67.21   66.93   65.16   67.56   62.66   65.96   62.55   65.92   64.60   60.54   70.09   77.96   71.90   62.15   55.64   47.72   65.91   72.14   66.09   64.67   66.65   63.35   67.30   64.11   67.19   64.32   52.18  
 60.50   63.89   69.44   67.24   67.53   65.16   69.39   62.33   65.66   63.74   65.52   64.61   60.45   69.51   72.62   65.50   60.59   52.82   62.59   79.31   72.95   66.81   65.43   65.33   65.83   63.55   67.11   62.95   61.99   51.27  
 55.80   71.44   68.75   72.73   66.42   71.57   67.41   69.05   65.11   65.79   69.67   68.83   69.83   71.24   72.98   65.51   69.36   64.56   72.78   77.24   73.69   68.69   68.85   66.08   67.80   65.65   70.64   63.68   67.03   55.20  
 52.84   70.49   71.69   75.86   73.63   75.67   68.55   75.20   73.25   67.61   74.76   71.53   76.68   75.51   75.74   68.30   74.22   70.21   74.79   77.24   74.51   71.23   69.88   68.68   70.03   70.67   69.78   66.59   69.50   59.01  
 63.95   74.17   74.89   74.49   74.29   77.56   69.29   74.32   73.62   76.21   83.15   77.71   80.63   79.78   77.02   77.35   77.62   72.59   77.05   77.26   75.12   73.19   73.14   72.40   71.41   73.24   74.00   71.07   70.70   57.42  
 61.83   81.39   85.53   90.52   90.45   90.61   90.57   90.59   90.38   90.60   90.84   91.44   91.18   90.19   91.69   90.45   91.15   90.02   91.32   91.19   89.65   91.34   85.71   76.13   77.11   76.80   76.24   77.79   77.78   62.48  
 63.92   82.66   87.44   96.10   96.01   94.52   92.75   88.80   94.28   89.09   80.23   83.12   80.74   80.88   94.41   94.70   82.47   80.32   80.59   80.78   84.03   95.55   89.48   77.41   80.61   80.56   78.67   80.21   79.46   63.53  
 63.14   78.69   85.89   89.74   91.60   85.56   83.67   81.55   83.04   86.09   80.16   81.45   80.25   80.47   82.36   81.62   81.15   80.36   80.44   81.15   80.68   94.27   88.20   77.64   80.83   79.64   80.42   80.43   79.64   64.48  
 64.00   79.61   80.23   81.48   81.18   80.91   83.33   84.81   81.01   80.16   79.11   79.16   79.02   79.26   81.19   81.03   81.78   81.97   80.95   81.86   82.23   88.54   83.80   78.95   79.34   78.54   79.34   79.34   78.54   63.36  
 64.26   80.83   80.18   79.52   83.11   81.77   84.54   80.15   82.16   81.89   81.96   81.11   81.83   81.94   81.37   81.56   81.88   81.41   81.59   81.85   80.53   83.73   87.54   87.65   77.74   78.14   78.14   78.54   77.74   62.96  
 65.44   84.17   83.17   81.95   78.81   79.10   83.63   79.68   81.86   81.54   81.55   81.31   81.42   81.57   81.61   81.08   81.55   81.62   81.10   81.57   79.97   80.74   89.56   86.64   80.84   79.65   80.44   79.65   79.65   64.10  
 65.62   83.06   82.97   81.65   80.13   81.70   83.20   81.80   81.62   81.53   81.43   81.44   81.33   81.57   81.79   80.81   81.62   81.85   80.72   81.69   78.00   80.45   89.52   86.49   75.29   78.62   80.21   74.85   79.45   65.20  
 64.68   80.15   82.09   78.52   79.31   83.25   83.74   81.66   81.93   81.46   81.69   80.82   81.39   81.68   81.06   81.12   81.65   81.03   81.20   81.62   78.56   82.51   95.86   86.75   75.83   76.67   74.59   76.47   78.10   56.84  
 64.14   80.55   80.29   80.75   82.04   80.69   85.01   81.12   81.76   81.40   81.49   81.21   81.27   81.51   81.50   80.94   81.49   81.51   80.95   82.66   87.13   95.82   94.31   87.07   69.01   74.66   72.09   69.44   79.41   55.87  
 64.42   80.16   80.28   81.29   79.26   81.24   85.27   81.77   82.08   82.23   81.94   81.91   82.04   82.07   82.27   81.52   82.14   82.33   81.43   84.38   87.39   83.17   83.52   80.40   71.67   78.44   77.36   69.18   79.16   64.17  
 64.14   83.08   80.27   79.48   82.07   80.85   83.04   84.30   81.53   80.01   79.58   79.10   79.40   79.58   81.05   81.44   81.90   81.61   81.47   84.60   88.23   88.45   89.08   86.80   68.11   78.69   74.58   70.13   79.24   60.24  
 64.07   80.29   83.45   92.46   91.44   89.16   84.40   82.27   84.21   86.87   83.77   82.33   82.82   83.85   90.33   82.31   82.28   82.01   82.27   88.24   93.00   96.85   89.76   90.48   82.85   77.55   73.27   69.61   78.29   56.76  
 65.09   81.69   81.64   95.96   95.27   95.12   95.27   94.13   96.79   89.86   80.32   83.14   80.64   81.13   89.39   82.37   81.01   81.02   80.26   84.67   90.01   90.53   93.78   92.44   88.67   80.31   79.31   77.17   78.21   63.58  
 63.93   78.61   81.31   87.94   89.26   89.41   88.60   88.21   89.00   88.61   89.16   88.85   88.60   87.48   89.40   87.68   89.38   83.88   90.61   94.15   92.38   94.31   87.67   92.00   85.81   79.88   76.72   77.48   79.05   63.16  
 64.63   72.44   77.81   74.97   73.70   77.47   71.25   75.02   72.85   75.30   81.62   80.64   79.89   79.71   78.15   75.68   78.15   73.80   78.57   79.88   77.25   73.41   72.78   72.84   70.70   74.56   72.42   71.50   70.61   57.83  
 52.53   70.62   72.08   76.37   73.85   76.96   68.95   76.12   72.69   67.32   77.02   74.04   76.45   76.86   79.63   66.06   70.95   69.23   76.86   78.95   75.83   69.72   70.50   71.31   70.53   69.58   71.91   68.16   68.83   58.61  
 55.80   72.12   67.43   71.52   66.46   71.27   67.03   67.07   64.31   64.70   69.16   70.99   69.19   74.43   78.95   61.05   66.29   62.08   71.81   78.55   76.10   67.90   67.12   66.36   69.42   63.63   69.18   64.06   68.20   52.44  
 61.12   64.04   69.59   67.23   67.59   65.46   69.39   62.33   66.26   64.04   64.90   68.62   60.27   70.74   79.35   62.55   60.04   52.98   63.50   82.67   73.79   67.58   63.98   64.48   66.62   62.72   65.02   62.74   64.92   51.27  
 62.14   64.41   68.36   67.17   66.91   65.14   68.16   62.56   64.58   62.55   65.12   67.25   60.54   72.94   78.29   73.10   66.26   55.48   47.86   65.45   72.67   65.31   64.66   65.13   63.20   66.59   64.10   65.59   63.66   52.18  
 66.33   70.85   80.93   71.78   79.32   74.72   78.21   74.99   74.75   71.94   69.45   70.08   63.96   74.29   77.98   79.17   75.54   70.81   62.11   60.44   74.16   72.49   78.76   71.18   73.35   76.09   74.24   75.78   70.91   57.82  
 70.05   86.09   87.37   86.38   87.44   87.20   87.67   86.85   88.49   82.43   85.63   85.99   84.53   82.19   76.05   80.26   80.31   83.25   83.29   83.04   84.44   87.99   84.78   84.85   86.47   85.96   87.59   84.07   87.24   67.43  
 51.51   67.09   68.84   67.06   66.53   68.46   67.82   66.22   66.76   67.10   59.53   62.30   61.79   60.34   59.62   64.69   68.04   67.11   67.93   68.05   65.77   68.28   66.37   65.02   65.43   66.76   68.27   63.79   66.41   53.35  
