 54.03   70.14   72.00   70.25   71.15   70.30   70.32   71.92   70.99   70.18   71.77   73.44   73.98   72.99   74.47   71.75   71.23   71.10   71.25   70.97   71.46   70.00   70.33   71.12   70.32   70.33   70.78   71.47   70.25   54.68  
 72.58   91.09   92.90   91.21   92.65   90.99   91.83   93.41   92.49   90.98   92.71   91.64   93.99   95.75  100.00   96.90   94.12   92.36   92.47   93.50   93.75   89.89   91.02   93.41   92.62   93.41   91.47   94.43   90.23   72.36  
 77.39  100.00  100.00  100.00  100.00  100.00   99.31  100.00  100.00  100.00  100.00  100.00  100.00  100.00   99.31   98.51  100.00  100.00  100.00  100.00   98.41  100.00   98.40  100.00  100.00  100.00   98.40  100.00  100.00   78.13  
 77.39  100.00  100.00   99.39   99.31  100.00  100.00   99.39   99.31  100.00  100.00  100.00  100.00  100.00   98.51   97.71   99.31  100.00  100.00   95.32   94.61   99.39   99.39   99.31  100.00   99.39   99.39   99.31   98.59   77.33  
 77.10   99.11   98.91   98.71   98.81   99.60   98.81   98.81   98.51   99.61   99.60   99.61   99.22  100.00   96.12  100.00   99.11   99.51   98.71   91.40   93.59   98.51   99.31   97.22   98.21   98.81   98.51   98.01   98.01   76.84  
 74.41   96.93   96.69   96.71   97.23   97.94   97.24   97.14   96.77   97.94   97.22   95.90   95.41   97.02   95.26   95.97   94.77   95.45   93.41   90.85   93.41   95.15   95.50   95.02   93.84   97.14   94.37   96.35   95.64   74.37  
 77.40   94.81   95.60   95.50   97.43   94.70   97.12   96.03   93.41   94.70   93.33   94.91   94.04   96.13   93.43   96.24   91.22   97.84   94.20   91.38   93.49   92.41   93.73   93.39   96.32   91.24   94.45   94.71   96.32   73.80  
 70.23   95.07   95.66   96.83   95.16   96.53   95.65   97.63   95.35   95.73   95.33   95.65   92.20   94.62   93.84   96.61   89.78   93.15   91.46   91.24   93.14   95.07   91.97   94.94   95.66   92.84   93.56   95.74   94.86   74.28  
 70.31   91.60   87.75   84.04   83.98   83.97   84.04   83.99   83.97   83.98   84.69   85.12   84.52   83.05   85.66   82.30   85.12   83.57   86.37   86.37   85.40   85.12   87.69   87.53   87.52   87.53   88.24   89.04   89.12   69.45  
 71.44   92.33   92.28   86.52   86.53   87.35   97.33   99.72   97.32   95.52   99.72   97.51   99.72   99.72   96.66   96.54   95.39   95.02   95.49   95.21   91.79   87.38   89.37   91.03   92.63   91.80   92.42   93.53   91.83   70.40  
 70.05   88.44   89.08   84.60   86.82   91.15   95.32   99.31   95.24   86.71   79.45   78.04   79.08   79.57   82.93   84.76   79.80   79.55   80.61   89.67   89.08   85.21   88.08   89.75   91.34   90.54   91.34   92.14   90.54   70.96  
 71.53   89.27   91.27   90.88   90.69   93.27   96.11   94.51   80.52   77.37   78.25   77.31   78.34   78.32   76.59   75.81   75.85   75.36   75.43   75.95   82.18   89.17   91.48   89.29   92.11   92.11   92.91   92.91   92.11   71.74  
 68.37   88.41   90.53   88.43   90.90   90.20   93.73   91.34   80.64   76.36   75.81   75.44   76.47   75.95   75.39   76.35   76.07   75.66   75.94   76.28   83.46   96.92   93.76   90.29   91.34   90.54   91.34   92.14   90.54   70.96  
 72.23   93.14   92.39   91.30   91.91   94.32   96.92   92.85   80.04   75.10   74.65   74.79   75.19   74.92   74.69   75.06   75.08   74.90   74.67   75.34   83.38   93.61   96.70   90.99   94.40   93.61   94.40   95.20   93.61   73.26  
 71.19   91.01   91.22   87.86   89.89   99.32  100.00   92.18   79.88   74.96   74.73   73.78   75.14   74.80   73.79   75.04   74.80   74.19   74.63   74.88   80.65   79.20   88.44   90.09   84.97   90.60   91.40   84.18   90.60   71.80  
 71.57   90.12   91.58   90.52   92.50  100.00   88.84   92.67   80.29   75.95   75.76   75.42   75.95   75.94   75.36   75.82   76.06   75.60   75.44   76.19   82.84   81.80   94.33   91.56   88.88   89.20   82.35   87.89   91.34   60.80  
 71.03   89.74   89.93   90.08   90.56  100.00   89.62   91.50   79.83   74.83   74.54   73.92   75.00   74.65   73.86   74.91   74.72   74.16   74.53   85.31   96.94   97.80   88.84   90.38   78.58   86.75   83.11   78.75   91.22   60.47  
 73.13   90.56   92.28   90.61   92.75   98.88   98.88   91.71   80.24   75.49   75.00   74.42   75.65   75.12   74.41   75.51   75.20   74.76   75.07   88.36  100.00   98.31   94.32   91.67   81.30   90.60   89.00   81.32   91.33   69.09  
 71.53   92.15   92.44   88.84   91.76   92.50   94.89   92.50   80.10   75.41   74.17   74.17   74.75   74.34   75.05   75.15   75.16   74.91   74.77   90.30   98.51   92.28   85.40   90.31   79.73   88.98   86.08   78.95   90.51   65.36  
 72.62   88.00   91.66   84.59   83.94   90.87   93.73   99.31   95.60   86.82   79.32   78.41   79.33   78.56   85.20   77.43   77.50   77.87   77.46   91.46   97.89   93.11   91.40   93.89   92.06   87.14   83.49   80.22   89.29   60.79  
 72.25   93.95   90.74   86.20   84.91   87.27   96.63   99.13   99.13   95.34   96.86   96.59   97.38   97.42   88.30   93.80   93.42   93.06   94.20   92.37   94.41   94.56   84.89   81.25   85.42   92.54   91.74   89.56   90.94   70.58  
 71.77   90.84   87.89   81.53   82.26   81.47   82.32   81.49   81.47   82.26   82.19   82.62   82.02   81.33   84.48   85.17   88.12   87.39   87.71   85.07   83.52   85.49   86.54   85.27   86.43   90.50   89.69   89.70   88.89   69.30  
 71.77   95.81   95.96   97.55   96.70   98.34   95.89   97.55   96.67   96.77   96.64   95.23   94.81   95.52   93.54   96.08   89.17   92.34   90.51   90.58   94.11   93.09   92.74   95.69   95.88   93.58   94.33   96.78   95.93   74.26  
 76.60   94.01   95.33   93.11   98.43   92.83   96.84   95.23   94.45   94.43   92.77   92.24   92.97   94.54   92.87   95.17   91.45   95.45   93.64   90.55   94.53   93.21   96.12   93.91   96.04   93.63   95.24   94.44   96.04   73.80  
 76.52   96.94   96.69   95.12   97.24   97.94   96.45   97.94   96.77   97.94   97.23   95.10   94.61   96.23   95.26   96.76   94.77   95.69   94.44   95.30   95.23   94.87   97.10   94.21   95.15   95.54   95.96   93.94   95.63   74.37  
 78.19   99.11   98.91   98.70   98.81   99.60   98.81   99.60   99.31   99.60   99.60   98.81   99.21   98.40   96.12  100.00   99.11  100.00  100.00   93.39   94.98   96.42   99.31   97.21   96.92   98.80   99.31   97.22   97.21   76.83  
 78.19  100.00  100.00  100.00   99.31  100.00  100.00  100.00  100.00  100.00  100.00  100.00  100.00  100.00   98.50  100.00  100.00  100.00  100.00   96.11   96.90  100.00  100.00  100.00  100.00  100.00  100.00  100.00  100.00   78.13  
 78.19  100.00   99.31   99.39  100.00   99.39  100.00   99.39  100.00  100.00  100.00  100.00  100.00   99.39  100.00   98.51   99.31  100.00   99.31  100.00   99.31  100.00   98.59  100.00  100.00   99.39   99.31  100.00  100.00   78.13  
 74.67   91.09   94.19   91.21   94.24   92.58   93.42   93.12   93.29   93.24   93.51   92.44   93.19   94.96   99.01   97.70   94.12   92.36   92.47   93.51   94.54   92.28   91.52   93.41   93.41   92.62   92.27   94.43   91.03   72.36  
 53.53   70.14   71.49   69.45   70.37   69.51   71.12   70.60   70.20   68.97   71.76   73.44   73.18   72.99   72.19   71.59   70.43   70.30   70.45   70.17   69.87   69.20   69.02   71.12   69.53   68.74   69.19   71.48   69.45   53.89  
