 50.09   64.79   64.46   64.46   61.95   63.82   64.65   64.31   61.68   63.84   60.15   60.77   64.71   57.55   60.62   60.93   62.30   63.94   65.13   66.50   61.21   64.86   63.56   65.19   63.07   63.56   63.70   64.83   63.22   52.68  
 58.31   69.87   72.60   69.02   74.02   69.62   72.24   73.20   69.45   72.67   72.61   63.74   65.03   71.24   65.49   75.61   74.09   65.82   64.08   69.55   62.52   67.21   67.21   64.45   68.09   65.06   64.49   65.06   67.62   55.76  
 59.34   71.14   72.01   71.26   69.53   70.06   74.62   70.75   73.88   70.22   78.14   74.89   65.16   77.34   68.31   76.35   78.51   69.13   71.50   75.84   68.91   72.38   68.21   63.45   68.58   63.84   67.33   62.35   73.15   53.56  
 63.18   74.29   79.01   73.10   78.11   73.18   80.26   75.39   78.59   76.77   87.37   76.06   80.12   79.86   70.59   76.20   77.75   76.30   71.85   81.27   76.18   71.01   77.88   73.72   74.33   75.07   77.07   72.28   77.08   58.04  
 64.31   81.25   81.52   82.97   82.47   81.57   85.04   84.74   83.19   82.79   81.95   79.56   78.07   79.43   76.65   78.87   79.57   77.02   73.91   77.93   75.76   79.61   78.60   79.92   79.60   78.15   78.98   79.77   80.59   63.17  
 64.75   82.35   80.79   84.41   80.51   81.77   83.19   82.61   80.98   83.12   81.97   80.78   82.54   82.60   80.02   77.63   75.14   79.42   79.81   81.63   79.92   76.64   77.95   79.39   77.40   78.73   79.00   78.74   78.00   63.55  
 67.40   83.52   77.82   78.50   80.42   79.32   80.71   75.87   77.39   76.65   75.39   74.71   76.51   77.72   77.09   80.45   77.76   81.30   79.85   80.28   81.08   79.00   77.74   79.21   78.96   79.83   79.49   78.77   79.76   64.30  
 64.07   78.16   77.25   84.50   82.24   82.60   80.66   73.68   73.91   72.73   73.48   74.08   75.26   79.34   78.31   80.96   78.97   81.54   80.79   81.70   82.44   79.78   79.27   79.86   80.64   79.80   79.68   79.31   81.43   64.43  
 62.70   77.65   78.03   91.14   91.13   91.13   91.14   90.27   90.55   90.55   91.18   91.35   90.96   90.14   91.79   89.55   91.23   89.92   91.60   91.60   90.55   91.23   87.79   78.06   78.49   78.46   79.25   78.09   78.10   63.38  
 63.48   81.71   85.61   92.76   91.84   89.82   89.31   86.24   91.78   95.00   93.57   92.31   93.30   93.47   93.59   93.22   91.41   84.78   88.44   84.95   84.09   90.72   87.19   78.77   79.52   78.74   78.06   80.31   79.52   64.13  
 66.75   80.75   87.72   87.66   90.79   84.90   88.13   88.89   87.94   86.50   81.49   81.01   81.62   81.95   87.87   87.93   82.01   83.10   80.10   80.21   83.52   90.74   84.73   82.43   82.02   82.03   81.63   82.42   82.43   65.67  
 65.15   79.29   78.24   77.19   76.59   86.05   84.31   94.30   74.05   74.62   75.48   75.23   75.06   75.70   73.92   73.40   74.68   74.32   73.67   74.40   77.26   83.65   83.47   78.82   81.73   81.34   81.33   82.13   81.34   64.96  
 66.34   81.61   80.92   81.62   81.71   84.80   84.04   89.09   74.80   74.78   74.92   74.80   74.50   75.05   74.96   74.24   75.22   75.09   74.37   75.09   78.85   83.74   86.95   84.76   81.75   80.55   80.94   80.94   80.54   65.36  
 64.65   81.94   81.97   78.92   77.53   83.04   80.78   79.62   73.89   73.96   73.94   73.78   73.66   74.13   73.93   73.40   74.29   74.04   73.65   74.03   79.01   90.68   86.88   84.73   82.04   82.04   81.64   82.43   82.44   65.30  
 64.59   81.23   80.66   82.35   81.58   86.81   87.03   80.13   73.98   73.98   73.93   74.01   73.65   74.09   74.19   73.35   74.21   74.33   73.49   74.12   79.39   90.45   81.65   84.10   76.53   81.91   80.80   77.63   81.61   65.60  
 64.54   80.60   79.36   79.20   79.77   89.73   89.01   80.06   74.10   74.00   74.19   73.95   73.67   74.41   74.05   73.38   74.63   74.19   73.59   74.42   80.06   94.57   89.14   83.93   77.48   78.22   74.87   76.66   81.62   58.18  
 65.24   81.44   81.14   79.72   82.67   90.73   85.36   80.03   73.72   73.76   73.69   73.74   73.38   73.91   73.89   73.04   74.13   74.05   73.23   77.83   83.42   83.36   89.19   84.35   73.09   79.03   75.27   73.17   83.05   56.81  
 65.75   79.15   79.39   81.36   80.28   85.39   84.58   79.73   73.98   73.98   74.01   74.09   73.72   74.16   74.27   73.43   74.35   74.41   73.56   78.92   85.89   83.68   83.12   82.67   72.57   79.25   80.36   72.96   81.57   62.58  
 64.78   81.49   80.91   81.59   84.05   81.40   81.74   81.71   74.04   74.62   74.50   74.33   74.22   73.71   71.63   73.56   74.46   74.20   73.85   83.35   84.91   83.53   82.42   82.73   73.50   80.28   77.28   72.99   82.23   60.77  
 68.19   79.34   79.80   88.98   87.23   83.54   86.03   85.64   82.57   85.68   82.84   82.68   82.18   85.65   88.91   84.92   83.50   83.56   82.40   86.52   85.48   86.70   84.50   88.19   84.34   81.10   75.43   72.06   82.57   58.09  
 65.60   81.73   82.88   92.64   90.58   91.33   87.75   88.30   89.70   91.82   89.91   90.79   87.95   91.53   92.86   90.45   91.34   86.86   89.43   84.56   85.50   84.02   89.25   87.20   85.39   79.33   78.48   80.80   77.60   63.16  
 65.80   81.32   77.24   88.00   88.78   88.39   88.39   88.39   88.39   88.39   89.15   89.09   88.56   87.90   89.60   89.51   95.24   90.12   96.25   95.82   93.34   95.09   88.01   92.29   87.22   79.62   77.39   80.46   79.27   63.36  
 64.92   81.78   81.62   84.49   81.58   84.89   81.59   83.67   81.19   81.28   79.63   80.57   78.88   78.39   79.29   80.91   79.21   80.98   80.97   81.88   82.79   81.12   80.64   82.04   78.79   77.46   82.15   81.14   81.42   64.21  
 67.39   82.71   79.48   78.44   81.44   77.37   81.03   78.57   78.64   78.17   77.73   75.19   75.50   75.95   76.64   78.58   77.75   79.83   80.02   81.74   78.43   78.47   80.22   77.70   76.55   78.88   79.62   77.96   79.22   63.37  
 65.29   81.26   80.24   83.05   81.58   82.69   84.79   80.70   83.51   82.29   81.99   81.46   81.33   83.79   79.19   75.56   78.73   80.05   82.42   80.00   79.55   75.81   74.70   75.98   78.67   78.70   78.33   77.91   79.59   62.73  
 64.77   80.41   81.53   82.80   81.86   81.28   81.84   82.13   83.52   82.90   83.98   82.78   82.45   80.90   76.70   77.00   76.77   76.20   75.35   77.50   77.52   80.38   79.57   79.27   79.22   78.05   79.16   79.48   79.69   64.84  
 61.93   74.11   79.43   73.64   79.75   75.02   80.00   74.23   80.16   76.48   86.76   76.27   78.23   79.87   69.72   74.38   77.68   75.27   73.02   79.09   75.68   71.73   77.14   73.57   74.54   73.73   75.51   72.04   75.58   58.05  
 60.19   71.32   71.40   71.48   70.88   69.21   75.47   71.52   72.33   70.18   78.79   73.43   64.75   76.52   68.23   78.78   80.49   69.58   71.38   75.83   70.17   72.27   68.32   63.97   67.59   63.88   67.50   62.66   72.44   54.37  
 58.61   69.65   73.65   69.03   74.86   68.64   72.42   70.92   68.90   75.82   71.36   64.73   65.78   70.52   65.36   75.70   73.42   66.62   63.83   68.97   63.72   67.76   68.82   64.92   68.90   66.63   64.76   65.85   68.81   57.70  
 49.58   62.51   62.24   63.15   61.71   62.25   61.88   63.13   61.81   63.77   54.07   55.92   60.07   51.79   56.53   59.26   59.43   62.75   63.00   64.49   58.87   62.61   61.46   62.01   61.87   63.17   61.86   62.42   61.23   52.28  
