 55.59   74.47   70.47   73.67   70.47   72.87   72.87   72.87   71.27   71.81   75.27   75.27   75.27   75.27   75.27   75.27   75.27   75.27   75.27   75.27   75.27   75.27   75.27   74.47   73.68   73.67   73.67   72.87   73.67   56.35  
 75.00   95.55   97.71   94.77   97.12   94.56   96.24   96.24   96.56   95.92   99.31   99.31   97.03   96.25   97.04   94.88   94.25   95.47   97.70   95.57   98.51   93.17   95.47   97.02   96.24   97.82   96.26   97.82   95.35   75.13  
 73.87   93.55   95.47   95.57   95.47   94.76   95.46   95.47   94.59   96.44   97.70  100.00   96.09   95.46   95.57   97.67   97.37   97.32   97.03   93.39   92.72   94.35   94.76   95.60   95.57   95.48   95.56   95.60   94.59   74.47  
 73.62   92.09   94.59   94.74   94.06   94.76   94.06   94.83   94.06   94.76   96.92   98.59   95.03   95.15   96.67   95.10   93.92   94.02   95.77   95.54   92.47   91.29   94.51   94.74   94.77   94.84   94.78   95.55   94.06   71.99  
 74.03   94.83   94.94   95.54   95.63   95.63   96.73   95.93   96.24   95.64   93.92   96.61   96.02   94.42   95.25   96.28   93.01   97.57   93.73   96.55   92.18   95.14   96.14   96.73   96.23   94.83   97.54   96.73   95.13   72.87  
 74.60   96.96   93.47   97.51   96.13   95.82   95.86   97.14   94.77   95.82   92.95   95.03   95.95   94.17   94.43   94.62   95.32   95.08   94.40   94.28   94.12   95.07   92.25   96.32   95.56   95.82   94.25   97.14   96.65   73.85  
 77.40   93.55   97.12   93.45   97.32   92.67   96.52   94.25   95.73   92.95   95.57   93.15   92.34   95.90   94.46   94.79   92.11   97.33   92.53   94.63   95.60   90.92   95.53   93.45   95.73   91.35   97.84   92.66   95.73   72.70  
 71.75   94.95   92.87   96.40   93.83   94.80   92.23   96.16   93.03   96.09   94.39   97.54   94.53   97.50   94.77   98.83   94.80   94.04   91.96   96.61   92.56   94.35   92.07   95.43   93.83   94.50   93.33   97.20   93.03   71.56  
 72.64   93.30   96.05   97.03   97.02   97.02   96.07   93.80   95.27   95.26   94.37   96.24   95.23   94.23   96.12   92.90   94.65   93.57   96.12   95.40   96.23   97.83   97.48   95.43   93.12   94.55   97.66   93.92   92.33   73.37  
 71.61   91.51   89.87   85.28   83.62   86.28   88.18   84.64   89.95   94.25   96.81   96.10   95.20   96.91   98.51   97.61   92.37   86.59   87.18   84.98   91.68   83.20   87.75   94.33   93.43   90.79   92.21   92.62   91.46   70.07  
 70.42   88.75   91.67   89.34   87.36   88.63   82.27   82.56   83.82   92.98   90.75   91.37   89.83   89.99   91.26   87.23   85.49   85.67   84.24   85.74   87.62   86.10   86.89   92.14   92.14   92.14   91.34   92.93   92.93   72.55  
 70.40   88.40   90.62   90.41   90.37   90.62   80.23   91.21   81.29   74.96   77.48   76.28   76.73   77.21   74.65   75.21   75.12   75.21   75.46   74.44   78.77   82.70   91.86   89.08   96.91   96.11   96.91   95.31   97.71   75.73  
 68.70   89.25   90.61   87.94   88.31   89.18   80.74   86.38   81.12   74.43   75.92   74.44   75.09   75.66   74.43   75.31   74.95   75.25   75.27   74.40   78.80   81.82   89.71   82.91   93.73   92.93   93.73   92.14   95.32   73.35  
 71.86   90.52   92.34   89.48   92.79   91.81   87.11   93.64   81.11   74.24   75.79   74.44   74.81   75.68   74.32   75.10   74.94   75.03   75.28   74.28   80.47   93.29   92.67   87.25   94.40   94.40   94.40   93.60   96.02   74.05  
 71.04   88.10   90.45   86.41   89.23   85.55   84.38   91.38   81.71   75.08   76.68   75.14   75.70   76.35   75.11   76.10   75.70   75.89   75.98   75.05   81.33   96.96   83.60   84.73   85.64   92.99   91.39   85.70   94.51   72.59  
 70.62   88.57   89.44   87.07   88.83   86.08   95.29   93.14   81.04   74.26   75.89   74.40   74.87   75.62   74.31   75.16   74.91   75.06   75.25   74.27   79.45   92.18   91.45   86.13   87.16   90.44   87.76   87.22   96.44   61.30  
 70.67   88.77   90.68   90.32   90.36   89.96   92.51   91.86   81.10   74.24   75.87   74.39   74.85   75.61   74.29   75.11   74.90   75.05   75.24   83.34   88.07   91.86   86.34   87.58   78.33   89.36   86.33   78.45   95.61   61.14  
 72.27   89.27   89.97   88.97   91.22   86.85   85.01   92.51   81.08   74.27   75.86   74.31   74.91   75.55   74.29   75.11   74.82   75.09   75.16   83.27   86.93   89.22   90.46   89.48   79.45   93.75   93.35   79.97   96.47   71.33  
 70.80   88.87   92.15   89.49   91.86   90.74   81.64   91.56   81.85   74.46   75.45   74.24   74.54   75.12   74.64   76.20   75.98   76.00   76.26   87.59   90.62   86.09   80.20   89.53   78.67   90.39   90.28   79.99   96.66   66.30  
 73.78   87.52   92.77   86.92   84.40   88.16   82.74   81.66   84.57   89.88   88.47   89.44   87.79   88.22   92.18   85.77   84.75   85.63   85.31   82.06   81.43   93.86   90.35   90.94   91.08   87.02   87.17   80.73   94.97   60.91  
 71.51   91.43   96.77   85.92   82.29   88.64   87.01   84.19   88.50   95.41   99.30   96.91   98.31   97.51   97.32   96.11   96.71   88.47   90.08   86.24   85.64   89.51   83.85   83.96   83.87   90.36   90.56   91.29   91.93   70.18  
 74.17   95.46   97.48   94.51   96.06   93.71   94.49   94.49   95.28   92.91   90.35   91.51   92.79   92.65   91.39   93.62   92.27   95.87   91.37   90.58   92.10   92.28   94.30   92.09   93.67   93.69   93.69   93.69   92.89   71.72  
 72.51   94.93   92.86   97.14   94.93   95.54   94.10   97.17   94.10   95.54   95.09   98.25   94.28   95.85   93.92   98.82   93.78   94.03   93.79   96.86   93.63   94.93   92.06   97.19   94.13   96.36   94.10   97.17   94.10   71.04  
 76.60   91.96   95.53   92.65   97.04   91.08   96.25   94.25   96.25   91.08   92.38   93.95   93.37   92.71   94.43   95.56   92.35   94.14   90.66   93.73   96.92   91.16   95.53   91.86   97.04   91.08   95.45   93.46   96.25   71.62  
 75.13   96.16   96.90   97.51   95.05   95.54   96.66   97.14   95.56   97.14   96.65   95.02   95.95   95.49   93.60   93.96   95.32   94.80   93.04   96.10   94.63   95.06   94.60   97.11   93.96   95.54   94.76   97.14   95.06   74.37  
 73.53   94.83   96.33   94.74   95.92   95.13   95.13   95.13   97.83   95.94   95.80   94.22   95.22   93.92   92.86   94.70   91.41   97.07   93.53   92.36   93.27   95.14   96.24   95.94   97.03   95.92   96.24   95.93   96.72   73.96  
 74.33   92.00   94.51   94.74   94.77   94.76   94.78   95.55   94.78   93.96   96.01   98.50   95.04   95.77   94.27   92.63   94.45   94.81   96.47   96.34   93.98   92.80   94.51   94.74   93.97   95.46   94.78   95.55   94.78   72.79  
 73.18   94.45   95.57   95.57   95.57   95.57   94.76   95.57   94.69   96.44   98.59   99.31   96.08   94.85   95.57   95.40   95.24   97.33   96.32   93.39   94.42   94.45   94.77   95.57   95.57   94.86   94.76   95.57   94.69   74.47  
 76.30   95.25   98.71   95.55   97.92   96.15   97.03   97.03   97.35   97.51   98.51  100.00   97.83   96.25   97.84   96.52   93.95   94.67   97.70   95.58   99.80   95.26   96.77   97.82   97.53   97.03   97.82   97.83   96.65   75.13  
 54.29   73.16   69.45   72.08   69.69   72.08   72.88   71.29   69.69   72.08   74.47   75.27   72.88   75.27   71.48   72.17   73.95   75.27   73.68   73.68   73.16   73.95   73.16   74.47   73.16   73.68   74.47   72.88   72.36   55.56  
