 49.99   62.48   62.48   62.48   62.48   62.48   62.48   62.48   62.48   61.22   55.57   55.57   55.57   55.57   55.57   55.57   55.57   55.57   55.57   55.57   55.57   55.57   55.57   56.30   59.00   63.59   62.48   62.48   62.48   49.96  
 57.94   52.24   70.01   58.17   65.13   60.58   65.39   64.21   62.40   63.98   83.29   84.87   63.82   63.17   63.47   59.02   66.54   54.61   70.78   51.57   70.84   52.22   71.47   56.20   63.23   61.85   63.49   66.20   63.21   47.00  
 50.48   50.90   52.62   52.91   52.99   53.12   54.29   57.35   53.25   53.24   85.46   81.79   55.34   54.43   53.17   53.59   52.64   51.54   53.83   50.43   55.80   47.72   53.52   50.15   50.00   54.37   51.64   59.79   56.88   34.67  
 47.50   61.40   52.82   59.30   53.02   57.56   57.18   61.06   57.74   57.97   85.60   81.69   58.71   56.82   58.00   60.22   58.12   59.98   51.12   77.99   49.87   63.00   54.72   62.10   51.04   60.51   55.83   62.62   59.48   39.94  
 48.85   63.75   51.76   60.12   57.70   60.52   59.81   59.74   60.83   60.00   85.08   86.76   58.93   59.77   59.26   62.29   72.56   62.11   65.30   84.53   62.43   67.92   55.46   61.05   53.19   63.94   55.93   60.63   63.67   41.66  
 48.28   50.41   53.55   51.44   51.55   52.53   55.41   55.47   52.67   50.66   50.58   52.21   50.29   51.57   49.08   49.36   50.50   48.64   76.37   85.93   67.15   51.82   55.49   54.11   47.46   54.92   51.74   57.34   54.06   35.59  
 55.40   51.49   61.82   54.65   60.20   59.00   59.27   60.30   60.91   59.16   54.91   62.95   52.88   62.75   49.34   63.88   52.15   61.74   78.64   84.45   73.33   52.81   62.63   56.26   58.97   59.27   55.78   64.42   63.69   40.57  
 51.71   50.81   58.05   53.31   54.43   54.43   57.72   58.06   56.88   57.26   72.63   69.65   50.64   59.59   63.92   58.54   50.78   58.28   80.54   81.46   70.10   51.91   62.67   53.77   52.28   58.79   55.64   59.97   57.29   39.79  
 52.15   79.83   57.23   74.02   65.91   71.47   66.55   66.75   73.12   71.03   85.11   78.89   77.71   70.42   84.59   54.31   79.49   58.45   87.85   81.48   64.28   75.22   56.03   72.59   61.92   73.53   66.47   72.77   72.10   51.65  
 62.44   80.44   87.51   95.73   95.30   91.00   83.29   90.86   90.94   90.10   87.05   91.73   92.79   86.86   92.25   87.48   92.23   91.29   91.34   92.22   86.11   92.07   87.64   78.92   81.34   79.48   79.89   81.95   83.20   66.85  
 65.14   80.75   86.65   86.47   87.14   80.98   93.70   92.96   87.00   88.51   98.09   93.37   97.82   97.98   84.11   89.75   90.67   89.84   85.72   85.76   86.18   93.93   88.84   88.47   87.29   88.47   88.10   84.14   87.38   70.11  
 63.59   79.64   80.53   82.26   80.74   87.37   91.62   95.44   75.76   73.17   72.59   73.01   72.48   72.94   75.33   73.89   74.28   76.16   74.53   73.27   76.53   84.35   86.16   79.35   86.94   86.93   87.73   86.95   84.57   68.55  
 64.79   81.95   81.32   81.63   80.42   85.28   89.57   90.72   75.09   74.31   76.79   74.87   74.63   74.87   75.84   74.21   74.23   76.62   74.31   73.77   76.88   87.41   89.72   84.79   86.14   85.33   86.93   86.14   83.55   68.15  
 63.90   78.25   84.63   82.60   81.67   85.36   87.14   83.06   77.91   76.90   78.46   77.68   77.05   77.72   78.55   76.96   77.17   79.12   77.77   75.80   80.41   93.83   89.62   85.45   89.21   89.20   89.61   88.02   87.08   70.87  
 63.98   79.17   81.10   80.65   80.75   91.05   93.17   80.23   74.80   74.03   75.47   74.70   74.17   74.68   75.63   73.90   74.10   76.23   74.78   72.82   78.27   95.60   89.18   86.71   71.85   86.63   86.09   74.76   81.61   68.48  
 64.84   79.22   78.98   78.72   80.02   94.72   98.73   79.47   76.52   75.54   77.03   76.23   75.65   76.21   77.18   75.42   75.63   77.74   76.24   74.35   79.23   94.91   94.42   87.06   72.40   71.88   73.85   76.56   70.22   48.21  
 63.91   81.76   83.08   83.00   83.46   93.69   97.38   80.90   76.33   75.50   77.06   76.24   75.68   76.23   77.15   75.55   75.71   77.82   76.03   80.66   85.79   89.61   92.96   84.91   55.57   73.83   76.23   63.94   68.48   51.19  
 62.83   79.00   80.10   80.68   81.70   89.06   89.67   81.77   75.96   74.95   76.47   75.63   75.18   75.58   76.56   74.85   74.98   77.29   75.41   81.81   87.43   86.29   83.40   83.44   54.59   74.06   83.36   62.65   73.07   60.18  
 64.83   80.47   81.70   78.99   81.66   83.33   85.78   85.18   74.12   73.54   74.99   74.31   73.72   74.06   74.39   72.57   72.94   74.73   73.09   78.98   83.95   86.62   87.63   84.36   55.76   75.82   79.92   62.78   71.08   57.08  
 67.79   79.29   84.65   93.08   90.74   85.60   89.24   89.21   85.24   86.83   96.37   91.80   98.12   93.03   92.78   90.00   93.02   92.51   89.05   92.79   92.50   89.56   89.72   88.32   86.11   67.71   73.85   70.54   66.03   47.31  
 64.65   83.87   81.58   90.51   88.62   81.11   88.64   88.53   95.27   86.36   85.30   87.87   85.09   87.50   88.31   89.48   87.73   88.81   90.55   90.03   89.95   86.23   87.12   87.83   82.81   79.83   83.46   80.62   77.47   65.77  
 52.62   83.69   54.45   69.29   62.03   71.15   71.14   73.03   73.05   69.04   83.54   76.44   74.14   66.93   80.47   52.89   75.83   60.00   82.57   81.48   66.17   78.73   57.11   69.13   62.30   66.99   69.64   66.88   67.18   50.65  
 54.71   54.11   56.94   55.22   53.47   59.95   61.81   60.78   58.44   61.84   76.47   76.16   53.10   57.77   64.09   59.15   50.74   60.67   80.59   87.29   71.83   54.09   63.62   55.24   58.54   59.92   61.80   55.65   58.50   40.58  
 57.40   53.63   59.79   53.31   56.97   60.07   62.18   60.82   61.72   62.74   56.90   64.01   55.82   60.34   48.39   62.29   52.97   62.79   77.43   85.74   74.13   53.63   65.67   53.30   61.26   60.07   62.18   56.09   60.56   40.56  
 50.52   52.29   50.43   56.63   50.05   54.23   57.40   59.71   55.98   55.15   53.77   56.31   53.51   50.47   46.82   53.89   51.35   52.66   81.10   88.91   70.85   52.09   53.86   56.50   55.74   54.23   57.20   54.98   56.62   35.32  
 48.47   63.10   49.57   62.97   51.86   59.45   61.29   62.27   59.77   60.57   89.56   92.65   62.12   56.86   54.56   62.28   73.59   60.13   65.24   83.51   66.21   62.49   53.51   62.71   56.74   60.64   60.67   57.94   59.23   38.58  
 50.01   66.97   50.74   60.37   53.39   63.29   60.40   59.28   61.47   63.70   90.42   90.10   61.76   58.35   56.35   57.05   59.32   62.78   52.56   76.75   52.07   67.78   55.84   59.56   57.28   63.69   60.39   55.74   63.11   41.73  
 51.20   52.28   49.34   53.65   48.64   55.15   56.87   57.13   54.29   58.07   94.98   94.77   57.46   53.67   50.46   49.00   49.22   48.12   53.64   48.54   55.01   52.28   55.62   53.44   53.32   55.37   57.66   52.40   53.93   35.66  
 62.55   55.86   66.07   62.13   65.35   63.79   65.81   69.79   68.17   67.16   88.14   87.91   68.19   65.95   62.30   57.42   66.14   54.79   70.78   50.33   78.43   53.66   72.65   59.11   67.82   63.07   66.22   63.52   66.07   46.06  
 48.70   64.66   60.01   62.44   59.77   58.82   58.82   58.82   58.82   58.82   58.82   58.82   58.82   58.82   58.90   60.81   60.10   60.10   60.10   60.10   60.10   60.10   60.10   60.10   60.10   60.10   60.10   59.59   60.42   48.67  
