 56.39   72.06   72.06   72.06   72.06   72.06   72.06   72.06   72.06   72.87   75.27   75.27   75.27   75.27   75.27   75.27   75.27   75.27   75.27   75.27   75.27   75.27   75.27   75.27   75.27   72.87   72.06   72.06   72.06   57.94  
 68.74   59.89   81.59   65.37   76.74   70.99   74.20   74.19   73.20   73.61   94.54   94.54   74.19   73.59   74.65   68.23   78.53   62.64   83.56   57.98   84.43   59.90   81.45   65.51   76.44   71.29   74.20   74.19   73.21   53.02  
 53.79   54.88   58.01   56.22   57.47   57.56   59.27   59.85   58.87   59.26   94.22   90.94   60.22   59.26   57.72   57.33   58.25   55.90   58.03   52.94   56.61   54.88   58.02   56.22   57.47   57.57   59.27   59.85   58.87   38.25  
 53.22   67.79   57.45   65.62   60.54   64.10   64.40   64.97   64.68   63.71   91.60   89.29   64.61   64.76   62.47   67.49   66.68   67.18   55.34   88.68   54.86   67.79   57.45   65.62   60.54   64.10   64.40   64.97   64.68   42.51  
 53.28   67.90   57.47   65.76   60.56   64.24   64.48   65.06   64.96   63.48   92.48   94.40   64.12   65.66   60.99   69.51   85.63   68.90   69.81   95.36   73.12   68.08   57.52   65.90   60.74   64.24   64.66   65.07   64.78   42.58  
 53.74   55.50   57.93   56.65   57.54   57.85   59.41   60.14   59.19   55.86   53.29   56.22   56.31   57.67   53.21   56.31   55.35   57.87   88.99   94.29   73.53   55.30   57.88   56.50   57.35   57.85   59.21   60.13   59.39   38.12  
 60.61   56.04   68.48   58.91   66.07   62.88   65.79   65.62   65.32   64.35   59.32   65.23   57.82   69.14   54.79   68.68   56.18   68.40   86.11   94.82   80.13   56.04   68.48   58.91   66.07   62.87   65.78   65.62   65.32   43.77  
 57.93   54.95   64.03   57.69   62.17   60.79   62.63   63.22   62.47   61.08   82.16   76.25   56.37   65.80   73.75   64.77   54.78   64.25   87.13   96.62   77.45   54.95   64.03   57.69   62.17   60.79   62.63   63.21   62.47   41.40  
 56.30   88.03   64.69   82.84   70.95   77.50   77.72   77.60   78.32   77.51   95.57   85.98   83.80   75.30   93.21   56.40   86.99   62.14   95.33   91.98   75.90   90.17   65.89   84.27   71.40   77.26   71.15   73.00   78.32   55.52  
 73.64   93.56   92.11   89.01   88.62   89.04   91.51   89.16   96.14   94.53   87.75   91.84   91.80   88.47   92.57   88.25   93.98   89.91   92.84   90.37   92.66   88.66   90.54   93.57   93.74   92.76   93.56   92.94   93.37   73.37  
 72.45   93.24   92.90   92.82   90.31   89.91   84.13   86.18   94.81   90.04   93.24   90.49   89.67   90.78   89.25   91.33   90.21   94.44   92.41   91.70   92.37   86.44   87.07   92.15   92.15   92.15   91.36   92.95   92.95   72.56  
 75.99   96.01   96.50   97.42   95.52   93.55   84.50   94.52   97.80   96.53   98.36   97.06   97.24   96.87   96.95   97.65   95.64   98.60   95.16   98.98   98.34   86.63   94.96   91.79   96.91   96.11   96.91   95.32   97.71   75.74  
 74.00   93.15   92.52   92.42   93.60   92.91   83.44   92.95   91.77   92.08   91.53   92.07   92.10   92.07   91.90   91.11   92.00   89.81   93.16   93.74   98.34   86.83   94.20   89.03   93.74   92.95   93.74   92.15   95.33   73.36  
 74.33   94.25   95.45   94.18   96.06   92.59   88.55   95.27   91.18   90.88   90.49   91.23   90.48   90.29   89.90   89.55   88.87   90.25   89.31   93.89   97.55   93.94   93.87   89.49   94.41   94.41   94.41   93.62   96.03   74.06  
 74.86   93.71   93.36   94.84   92.62   89.32   89.98   92.97   91.03   91.16   91.78   91.52   91.54   91.14   90.87   90.98   89.43   92.00   89.13   94.75   97.97  100.00   89.77   89.35   75.07   93.15   91.41   77.98   89.91   72.60  
 75.45   95.60   93.70   94.12   96.31   91.24   97.24   95.74   91.14   89.26   90.54   89.78   90.30   89.76   89.62   89.14   88.34   89.65   88.84   93.30   97.40   96.32   95.57   90.93   77.19   77.57   77.16   80.55   78.82   49.42  
 74.54   93.69   93.39   94.02   93.28   92.38   93.11   94.08   92.85   92.50   92.41   92.61   92.41   92.60   91.82   91.49   91.28   91.28   92.10   94.01   92.73   93.59   89.12   90.54   62.05   79.43   80.45   67.43   77.74   53.50  
 74.79   93.33   93.86   93.32   93.66   91.45   88.97   94.92   90.23   90.41   89.94   90.25   89.93   90.47   89.87   89.17   89.20   88.63   90.11   92.29   90.50   92.58   94.58   92.53   59.57   85.68   88.15   65.38   81.86   62.97  
 75.20   92.92   94.83   96.31   95.37   92.75   85.02   94.13   97.82   96.87   97.55   97.00   97.54   97.38   97.31   97.62   96.25   98.68   95.79   97.56   90.31   90.95   85.79   91.85   59.58   84.24   85.64   65.39   80.78   60.27  
 74.04   94.82   93.50   90.44   87.37   91.33   86.06   84.95   87.18   89.00   91.83   87.47   94.88   91.54   92.49   92.51   97.27   96.03   94.89   85.62   83.73   95.68   91.30   95.86   92.79   74.78   76.56   74.53   76.35   48.82  
 73.74   93.06   95.84   88.26   88.19   91.88   90.78   88.90   93.34   94.00   87.67   90.11   89.32   89.81   88.89   89.93   91.82   93.43   92.61   89.82   89.22   92.89   89.62   87.87   87.93   93.78   93.37   86.05   91.64   74.58  
 57.01   89.37   66.12   84.27   70.78   78.13   77.72   77.52   78.32   76.72   91.56   82.05   80.58   72.14   91.65   56.89   89.37   65.10   92.99   91.40   75.75   88.57   64.31   81.88   70.78   76.54   76.13   76.72   75.94   53.93  
 57.93   54.95   64.05   57.69   62.19   60.80   62.64   63.23   62.49   61.89   86.07   79.38   56.29   61.00   73.79   64.78   54.79   64.27   86.55   96.84   78.24   54.95   64.05   57.70   62.19   60.80   62.64   63.23   62.48   41.41  
 60.61   56.04   68.48   58.91   66.06   62.87   65.78   65.61   65.32   65.14   60.91   66.81   57.83   69.14   54.78   68.68   56.18   68.40   86.63   93.74   80.13   56.03   68.48   58.90   66.07   62.88   65.78   65.61   65.32   43.76  
 53.73   55.50   57.92   56.64   57.53   57.85   59.41   60.13   59.19   57.96   56.99   57.53   56.32   57.67   53.22   56.30   55.37   57.87   87.91   93.72   74.04   55.31   57.87   56.51   57.34   57.85   59.21   60.13   59.38   38.12  
 53.28   67.91   57.48   65.77   60.57   64.25   64.49   65.08   64.97   65.38   96.75   95.49   64.13   65.67   61.00   69.52   85.62   68.93   67.72   91.98   73.42   68.09   57.52   65.91   60.75   64.25   64.66   65.07   64.78   42.59  
 53.22   67.78   57.45   65.61   60.54   64.10   64.40   64.97   64.67   65.30   99.21   97.61   64.61   64.76   62.46   67.48   66.68   67.17   55.24   88.70   55.65   67.79   57.45   65.61   60.54   64.10   64.40   64.97   64.67   42.52  
 53.80   54.87   58.02   56.21   57.47   57.56   59.27   59.86   58.87   60.86   97.80   96.21   60.22   59.25   57.72   57.33   58.24   55.89   55.74   51.35   56.62   54.87   58.03   56.21   57.48   57.57   59.27   59.86   58.88   38.25  
 68.72   59.88   81.57   65.35   76.72   70.98   74.18   74.18   73.19   75.20   94.54   92.95   74.18   73.58   74.64   68.22   78.51   62.64   79.57   57.97   84.41   59.89   81.42   65.50   76.42   71.27   74.19   74.17   73.19   53.01  
 57.20   72.09   72.09   72.09   72.09   72.09   72.09   72.09   72.09   72.09   72.09   72.09   72.09   72.09   72.09   73.68   75.27   75.27   75.27   75.27   75.27   75.27   75.27   75.27   75.27   75.27   75.27   72.89   72.09   56.36  
