 48.20   58.95   58.95   58.95   58.95   58.95   58.95   58.95   58.95   58.95   58.95   58.95   58.95   58.95   58.95   58.95   58.95   58.95   58.95   58.95   58.95   58.95   58.95   58.95   58.95   58.95   58.95   58.95   59.76   28.19  
 61.60   83.49   86.12   83.89   85.69   83.72   85.60   85.61   84.18   85.38   88.14   89.30   85.99   84.40   86.38   83.66   85.80   84.50   86.00   84.01   85.27   84.32   85.93   84.07   85.43   83.99   85.57   85.59   83.86   55.81  
 68.12   86.79   87.19   88.23   89.33   87.47   87.46   89.13   87.14   88.83   92.75   91.47   88.31   88.46   88.27   90.53   88.66   87.60   87.88   88.26   90.44   86.79   87.19   88.22   90.14   87.48   88.66   89.94   88.33   65.48  
 65.60   88.80   87.16   88.26   87.78   87.96   88.22   88.75   88.27   87.58   94.64   91.73   88.36   88.36   88.44   88.17   87.54   88.89   87.88   89.18   86.98   88.80   87.35   88.26   87.78   87.96   88.42   88.75   88.27   63.96  
 64.52   89.15   88.21   88.11   87.00   88.83   86.78   88.20   88.84   87.65   91.48   92.50   88.29   89.61   86.56   89.50   85.17   90.24   88.05   88.00   85.12   90.31   89.84   88.28   86.59   89.62   87.79   87.90   90.84   64.03  
 66.92   88.94   88.30   89.24   88.64   89.04   88.71   90.53   88.02   88.63   89.14   90.31   88.67   88.42   87.29   88.76   88.80   89.66   91.52   93.31   90.23   88.54   88.47   89.45   88.24   89.04   89.08   90.01   88.44   65.28  
 67.61   85.72   88.41   87.06   89.34   87.18   86.70   88.39   87.23   87.32   87.07   88.01   85.62   87.78   88.12   88.41   85.93   86.84   89.57   90.77   88.67   85.72   86.82   87.86   90.14   86.38   87.10   89.19   88.43   63.71  
 65.65   88.16   89.38   86.56   87.85   87.59   89.34   88.64   88.45   88.63   86.85   89.81   88.32   88.53   86.06   86.70   88.63   89.64   90.61   91.32   88.48   88.16   90.00   86.56   87.85   88.21   88.72   88.02   88.45   63.54  
 66.26   91.61   89.54   91.46   88.78   90.50   89.86   90.68   91.11   89.28   89.96   91.02   92.43   88.57   90.83   87.66   91.81   89.54   92.82   89.11   90.31   91.61   89.73   91.46   86.88   90.70   90.83   90.11   90.75   65.73  
 64.17   86.42   87.38   89.09   89.51   87.71   90.10   89.56   88.13   88.74   88.55   90.74   89.12   88.61   90.90   88.22   89.39   88.85   91.66   88.20   89.57   89.33   89.32   85.69   88.77   86.67   87.96   88.20   87.45   64.35  
 66.79   85.34   86.88   87.46   86.42   89.36   89.95   91.28   95.64   91.06   90.13   89.07   93.11   90.12   88.61   95.19   91.54   91.49   92.00   90.68   91.89   90.12   90.97   93.27   92.88   93.66   92.48   92.86   93.27   69.78  
 62.03   85.34   87.10   86.61   86.57   89.45   87.38   88.48   96.90   92.39   94.25   92.68   94.04   92.38   93.78   95.40   93.69   93.33   94.73   97.67   95.71   88.86   91.06   90.26   90.92   90.12   90.92   90.93   89.73   67.41  
 61.80   87.62   84.51   84.65   83.25   84.99   88.75   89.65   91.62   92.01   90.58   92.01   92.11   92.42   91.45   91.67   92.17   90.46   92.50   91.09   95.24   89.95   91.63   89.94   92.12   91.32   91.72   92.12   91.73   68.21  
 63.55   82.60   85.99   84.51   87.65   88.74   90.26   89.66   94.40   92.03   92.25   93.27   93.97   93.22   93.12   93.42   93.78   92.73   92.40   93.70   94.46   85.81   89.80   88.32   92.02   92.02   91.63   91.22   91.62   68.96  
 63.33   82.90   82.45   84.84   86.39   87.74   89.40   89.11   92.04   90.61   92.33   92.65   91.17   91.95   91.94   92.84   90.81   91.68   92.64   90.75   93.74   91.07   89.93   88.81   89.55   92.02   91.27   89.68   91.79   68.94  
 61.96   82.08   85.35   84.43   81.98   90.35   84.85   88.68   93.31   92.16   93.66   93.42   93.35   93.33   93.28   93.93   92.85   93.17   93.58   92.51   91.13   85.86   90.51   91.54   91.05   90.66   89.93   92.00   89.82   64.71  
 62.66   85.58   86.44   87.88   86.41   89.05   85.44   90.01   93.05   90.86   90.81   90.77   92.82   91.98   91.19   92.31   93.61   91.06   91.87   91.17   90.56   92.94   89.66   90.85   90.27   92.96   93.66   91.29   92.81   67.00  
 63.67   83.97   83.34   82.23   87.64   87.59   88.47   88.69   93.10   93.15   92.45   94.13   94.11   93.33   93.79   92.76   93.93   92.97   93.16   92.80   86.95   88.91   89.24   88.19   89.46   90.53   93.19   88.31   89.86   68.37  
 63.24   87.91   86.01   83.41   85.35   87.00   89.00   88.07   95.74   92.21   93.10   92.87   92.19   92.93   93.81   94.59   93.66   93.09   94.62   89.91   88.64   90.89   87.18   91.06   88.89   92.88   92.82   90.15   92.19   68.31  
 67.10   84.87   88.35   85.66   87.43   89.05   90.14   89.91   88.79   89.81   87.37   88.46   90.81   86.43   89.72   92.89   93.80   86.99   87.38   87.53   89.93   92.40   90.86   93.46   92.95   91.75   90.63   93.31   91.37   64.90  
 63.47   86.65   86.16   91.00   89.86   91.67   87.49   89.21   88.28   86.88   89.33   88.28   89.99   91.65   88.62   87.92   91.74   90.25   90.88   87.86   87.92   91.74   90.32   88.79   87.41   88.03   88.64   90.82   85.31   64.90  
 66.60   91.89   88.01   90.89   88.71   90.35   89.95   90.34   89.15   88.41   90.38   91.08   90.50   86.80   90.77   88.30   91.08   88.00   92.44   92.14   90.35   91.08   88.01   90.89   88.71   90.35   89.94   90.34   89.15   66.54  
 65.26   89.78   90.51   88.71   87.45   88.77   89.83   90.42   87.45   89.05   88.57   91.25   88.11   89.71   86.76   87.10   88.03   89.98   90.18   91.67   87.11   89.78   90.51   88.71   87.45   88.77   89.83   89.62   88.24   64.16  
 66.02   86.54   88.29   85.72   85.77   86.78   88.04   87.21   88.04   87.32   85.58   88.42   87.24   88.59   85.48   85.22   87.56   87.91   89.83   90.53   87.47   86.53   88.29   85.72   85.77   86.78   88.04   86.41   86.45   63.31  
 68.27   88.00   89.35   88.81   91.02   89.17   88.96   89.58   88.15   90.75   89.67   90.03   88.28   89.74   89.02   89.42   87.86   88.31   91.89   93.69   92.09   87.60   89.11   88.64   90.60   89.17   88.55   89.58   89.37   65.81  
 65.23   87.69   86.94   88.54   86.24   87.93   88.32   88.75   87.53   87.94   92.14   93.38   88.68   85.92   88.06   89.28   85.90   85.99   87.89   88.02   86.37   88.05   87.15   88.72   87.02   89.12   88.70   88.75   86.35   65.33  
 64.71   90.62   88.30   88.79   87.60   89.28   87.00   88.47   90.53   87.32   91.23   91.69   88.99   90.63   86.59   86.36   85.52   90.76   87.38   87.37   86.19   90.62   88.30   88.79   87.60   89.28   87.00   88.47   91.32   63.54  
 67.22   89.57   88.88   88.28   88.51   88.93   89.14   89.22   87.47   89.51   94.18   94.77   89.90   87.19   89.75   88.35   89.47   87.33   89.19   87.89   90.22   89.57   88.88   88.26   88.11   88.34   89.14   89.22   87.47   65.11  
 66.64   86.37   84.73   86.37   89.49   84.93   83.80   86.20   86.79   85.77   88.55   88.31   85.81   86.20   85.57   84.49   86.79   83.67   85.02   85.40   87.68   84.52   84.54   84.67   88.43   84.56   83.79   86.20   86.46   63.95  
 43.39   60.61   56.89   60.61   56.89   56.89   56.89   56.89   56.89   56.89   56.89   56.89   56.89   56.89   56.89   56.89   56.89   56.89   56.89   56.89   56.89   56.89   56.89   56.89   56.89   56.89   56.89   56.89   56.89   51.38  
