 54.75   69.10   70.67   69.41   69.45   69.12   69.78   69.76   69.64   71.09   69.35   66.72   69.12   69.98   70.46   68.24   72.08   68.62   71.59   70.93   70.21   70.57   69.12   69.75   70.70   68.62   67.67   70.68   68.41   55.39  
 74.05   95.75   94.56   94.84   94.50   98.87   94.14   98.19   94.01   98.78   99.07   91.64   92.16   95.52   93.90   95.61   97.44   94.50   93.86   96.05   92.11   96.31   91.01   96.46   92.44   96.19   88.53   98.54   95.96   74.59  
 76.99   95.70   95.91   97.46   97.33   95.71   97.54   97.18   97.50   98.38   97.42   97.15   98.99   98.70   96.68   96.14   97.20   99.50   98.05   99.59   99.59   99.59   97.00   97.26   97.53   99.08   96.51   97.18   99.59   78.11  
 76.60   97.10   98.08   97.71   96.70   98.11   96.35   98.76   99.00   99.12   99.22   96.34   95.74   99.01   96.33   94.68   97.02   99.08   98.56  100.00  100.00   98.05   98.44   97.51   97.29   97.04   98.70   98.08   99.08   75.68  
 74.12   99.46   97.49   96.31   97.30   95.19   95.76   94.26   93.48   94.36   94.93   96.77   97.71  100.00  100.00   99.30   97.26   97.87   99.08   98.58   99.19   96.73   93.07   95.51   95.94   94.90   96.67   96.78   94.07   69.03  
 72.70   83.45   96.56   92.28   96.45   93.60   93.67   95.63   94.36   97.11   97.58   97.71   99.30  100.00  100.00  100.00  100.00   98.56   99.08   99.48   97.09   93.48   97.94   97.15   94.82   93.06   94.65   89.69   85.34   62.44  
 69.48   88.62   85.26   94.54   91.89   95.72   95.77   96.75   97.78   99.88   99.46  100.00  100.00  100.00  100.00   98.52  100.00   99.31   96.28   98.41   97.04   99.69  100.00   95.56   93.22   95.16   91.56   87.07   80.43   62.44  
 63.64   87.33   89.32   92.31   97.08   99.43   95.41   97.14   96.94   96.46   97.21   94.50   99.93  100.00   99.38   97.65   97.82   96.48   97.03   98.58  100.00  100.00   99.80   93.01   91.81   95.34   89.73   79.40   81.87   63.95  
 64.63   81.82   90.77   91.84   89.28   95.10   95.04   93.28   94.28   84.60   88.02   88.35   93.24   99.75   99.31  100.00  100.00  100.00  100.00  100.00  100.00  100.00   89.61   79.09   79.30   84.09   80.29   80.89   81.89   64.59  
 67.09   93.60   93.85   91.61   91.52   87.44   89.52   89.52   95.49   84.75   68.50   73.33   69.97   72.77   82.50   83.65   84.78   85.28   84.97   84.75   88.97   82.86   86.17   79.24   80.59   80.19   78.61   79.79   79.40   62.76  
 69.60   93.53   87.65   84.56   93.64   89.20   87.97   88.44   95.91   80.89   69.50   70.13   68.06   67.80   69.61   69.96   68.22   69.10   71.90   68.97   78.21   82.49   85.62   83.52   81.25   80.86   80.04   80.06   79.27   63.67  
 70.80   91.23   95.99   92.08   89.89   92.15   88.47   88.50   94.36   85.69   70.56   69.43   69.31   69.98   69.20   70.17   69.36   69.94   69.39   70.01   75.11   81.01   85.41   82.76   79.75   79.75   78.96   79.35   78.95   62.97  
 74.05   91.53   94.72   97.65   94.58   93.06   86.30   88.23   79.23   62.14   70.70   70.23   70.33   70.52   70.00   70.94   70.16   70.67   70.21   70.67   75.53   84.25   84.78   82.90   83.31   81.93   80.14   80.93   80.14   63.75  
 76.60   98.89   96.95   97.56   99.08   98.73   79.96   65.93   65.73   65.04   70.24   69.37   69.55   70.26   69.23   70.43   69.62   70.19   69.38   70.22   74.37   81.69   85.95   82.41   81.46   80.64   78.86   79.25   78.85   62.90  
 75.88   97.32   96.30   97.79   98.56  100.00   81.02   73.07   77.70   76.19   69.48   69.04   69.02   69.41   68.80   69.46   68.97   69.42   68.98   69.48   73.90   80.30   83.58   81.61   80.18   79.60   79.74   81.59   78.61   63.10  
 73.57   93.23   97.18   97.82   97.90   98.88   77.13   66.48   71.79   74.29   69.44   68.99   68.90   69.42   68.74   69.68   68.92   69.41   68.94   69.44   75.66   80.02   86.82   92.11   90.48   89.76   91.19   92.40   83.27   67.40  
 72.02   92.83   98.03   97.29   92.01   87.95   71.87   70.41   70.57   57.23   69.48   69.00   68.91   69.44   68.75   69.67   68.91   69.42   68.95   70.21   77.08   83.84   95.58   89.06   88.88   88.96   88.09   91.19   80.97   66.83  
 70.10   93.05   94.18   96.16   99.47   94.40   89.64   84.03   92.62   83.96   69.22   69.09   69.09   69.35   68.85   69.43   69.01   69.23   69.05   71.15   82.97   96.64   90.41   88.49   83.28   85.74   85.72   87.52   86.22   67.62  
 73.17   93.97   92.51   96.50   95.59   91.03   88.33   85.86   95.89   87.16   71.17   69.86   69.70   70.43   69.61   70.58   69.79   70.34   70.81   70.27   78.56   97.14   92.15   91.75   89.68   89.23   90.83   88.89   85.43   66.59  
 65.55   91.46   90.17   83.67   90.91   89.69   87.93   86.81   93.64   86.57   70.40   72.15   69.45   68.93   67.53   69.43   71.71   72.03   71.78   71.12   77.81   82.37   85.96   85.40   81.81   81.62   80.49   85.01   79.00   69.81  
 67.35   87.93   91.98   95.23   89.36   88.36   89.48   88.68   94.70   76.97   66.70   71.70   73.25   73.62   82.99   84.83   84.75   85.45   84.79   86.43   85.36   88.39   92.59   92.21   91.48   90.48   90.07   86.97   87.39   65.30  
 67.03   89.16   89.05   90.97   97.04   98.39   93.31   94.28   93.02   90.61   91.21   91.82   97.72   99.42  100.00  100.00  100.00  100.00  100.00  100.00  100.00   88.07   84.47   85.29   86.91   84.48   81.12   80.73   80.08   65.09  
 64.14   80.48   82.46   84.11   94.10   94.64   92.60   92.18   92.48   94.43   93.46   93.29  100.00   97.37   98.52   98.74   95.99   97.37   99.42  100.00  100.00  100.00   96.24   97.67   96.88   97.45   90.32   80.05   78.87   66.91  
 67.00   82.94   83.22   94.62   97.24   97.43   96.31   97.50   98.28   98.90   99.71  100.00  100.00   97.81   99.88  100.00   97.62   98.99   98.98  100.00  100.00   99.42   98.42   95.76   92.54   94.52   97.12   88.77   80.14   65.76  
 67.41   81.91   96.07   95.71   94.88   94.07   92.45   94.72   93.51   98.51   96.23   96.25   98.88  100.00  100.00   96.98   94.07   98.56   99.39   98.48   99.31   97.54   95.58   89.89   94.89   93.74   95.04   95.13   86.75   64.57  
 69.29   97.13   97.53   97.70   97.39   96.29   96.62   92.63   92.17   94.09   96.06   96.49   99.11   99.58   99.59   95.23   93.19   99.08   98.05   99.56   96.87   97.06   97.76   93.38   95.63   96.66   95.99   98.39   97.07   69.60  
 74.31   97.10   96.62   97.69   97.31   98.80   97.70   98.24   98.62   98.10   97.57   95.03   97.20   99.00   96.64   94.11   96.73   98.56   97.83   98.67   98.90   98.05   97.73   98.26   98.49   96.62   94.48   97.16   98.05   75.62  
 73.68   96.90   97.53   97.72   97.31   97.30   98.90   97.34   95.98   97.70   98.14   98.75   98.29   97.24   93.98   97.90   98.51   98.96   98.08   98.48   99.08   99.59   98.51   98.71   97.25   98.44   99.06   98.84   99.59   76.48  
 72.46   96.05   94.35   96.31   94.13   97.56   95.20   97.24   94.41   98.15   98.68   90.58   92.60   95.77   95.74   94.26   97.07   98.41   94.60   97.33   92.14   96.17   91.68   96.60   93.42   97.97   90.61   96.63   96.03   73.49  
 52.76   68.18   69.01   69.08   67.45   70.09   66.98   68.92   66.70   70.66   67.36   65.43   66.10   69.34   67.84   66.80   67.83   69.03   69.36   71.27   69.00   68.57   68.67   71.35   70.20   69.37   68.35   68.52   69.23   55.39  
