 48.38   59.44   61.96   59.75   63.21   59.66   61.58   60.16   62.25   61.46   60.56   66.40   69.20   61.96   67.66   68.72   62.02   64.47   60.46   66.34   64.01   62.36   66.82   59.91   67.14   62.83   65.13   62.08   63.54   50.22  
 62.38   70.08   80.40   71.08   75.97   71.53   72.59   72.36   77.30   69.11   69.77   72.14   75.90   67.01   81.08   83.14   72.11   68.58   64.88   66.51   74.27   73.87   79.58   71.74   79.32   74.56   76.93   72.69   68.95   62.23  
 59.04   68.65   69.63   66.98   73.92   71.95   73.40   68.42   74.77   68.50   72.91   77.44   63.47   64.52   81.23   76.46   76.39   62.39   63.22   60.59   63.11   60.87   78.78   64.46   76.37   73.48   74.91   75.00   60.30   55.53  
 59.28   72.00   71.74   68.77   75.99   72.41   73.91   62.55   67.24   64.33   70.59   76.72   75.74   57.94   72.77   77.66   76.59   61.63   56.35   60.42   61.48   62.89   77.92   61.84   75.08   71.94   73.15   72.44   58.83   55.60  
 61.80   69.35   68.05   69.20   73.29   71.92   74.79   81.50   75.70   72.28   73.22   66.25   58.77   52.95   58.57   66.11   72.06   70.89   57.74   60.94   61.52   65.60   80.38   71.05   79.90   72.67   80.23   73.73   63.05   63.22  
 62.53   89.41   74.06   77.88   76.69   77.97   76.08   75.22   76.22   61.87   48.66   48.30   47.60   49.82   52.18   48.18   51.00   71.00   59.61   60.00   57.48   71.12   56.03   60.34   62.16   82.02   64.32   70.50   74.02   69.41  
 66.97   83.15   90.41   80.79   77.99   73.87   65.07   53.76   48.23   49.40   48.40   48.22   49.67   50.16   50.38   50.76   46.97   52.89   56.11   60.74   56.65   50.28   49.07   62.27   66.97   66.44   71.45   70.43   90.08   70.22  
 71.23   85.60   86.04   88.42   78.17   65.10   63.79   63.91   64.24   63.79   63.91   63.83   50.26   50.87   50.30   54.87   50.90   50.17   51.79   50.02   49.12   49.28   50.39   60.85   64.69   63.80   70.05   91.24   91.74   70.06  
 70.41   88.16   83.15   80.09   78.62   85.52   96.37   95.94   95.66   98.37   96.58   95.93   78.12   51.32   51.34   43.14   37.27   41.98   45.11   35.99   42.47   48.22   62.25   87.40   89.29   89.29   87.71   89.30   89.29   69.63  
 71.15   90.27   90.94   91.04   86.57   88.71   94.36   89.67   91.99   88.04   79.63   81.07   78.84   75.77   64.90   55.48   47.99   45.12   46.32   47.22   59.09   84.86   86.10   90.43   90.94   90.94   90.14   90.94   90.94   70.66  
 68.47   87.21   87.34   89.83   85.37   91.13   94.22   90.05   93.50   89.61   74.42   73.72   70.90   70.22   65.84   66.42   66.10   69.18   70.85   70.00   82.42   90.28   85.11   84.22   89.77   89.77   87.38   88.97   88.97   68.59  
 70.40   88.84   90.03   89.29   89.14   91.16   93.74   90.37   92.03   81.24   64.96   65.59   63.64   65.29   63.62   65.33   63.64   65.27   63.82   65.01   76.99   91.48   86.45   85.37   92.14   92.14   90.53   91.34   91.34   70.95  
 66.88   80.91   82.38   76.79   76.06   76.28   80.64  100.00   86.22   72.38   65.28   66.44   65.09   66.52   64.96   66.37   64.74   66.27   64.46   65.96   74.67   90.03   88.84   87.03   91.36   90.56   87.38   88.97   88.97   68.59  
 63.22   79.28   74.40   65.53   55.84   58.93   63.14   65.84   62.78   61.75   65.16   65.49   65.03   66.96   64.76   65.85   64.26   65.76   64.20   65.58   75.81   91.71   91.23   92.42   92.07   91.26   90.44   91.24   91.24   70.88  
 60.69   79.22   76.12   63.26   60.82   55.46   60.53   72.60   65.17   54.08   63.45   65.17   63.50   65.11   63.48   64.99   63.46   65.14   63.58   64.99   74.90   88.23   90.60   89.82   89.81   91.40   88.23   85.03   88.23   68.63  
 65.50   86.32   83.77   84.48   79.90   68.57   63.86   65.88   60.51   58.83   63.29   65.01   63.34   64.99   63.35   65.04   63.33   64.99   63.48   64.78   75.85   92.17   85.51   78.34   77.56   77.37   77.37   75.50   87.07   60.14  
 67.86   82.23   77.39   78.49   75.66   60.65   67.63   67.41   71.15   73.69   63.30   65.03   63.33   64.97   63.30   65.05   63.32   64.98   63.46   67.93   80.60   85.99   70.60   79.73   80.53   79.11   79.11   71.77   87.46   60.52  
 69.92   81.64   81.32   74.00   67.23   77.62   90.77  100.00   96.60   84.16   64.49   66.09   64.86   65.96   64.80   65.96   64.74   65.50   63.75   70.01   77.01   66.12   82.24   85.96   86.04   88.98   90.52   74.94   84.56   64.73  
 67.73   80.32   78.26   73.16   78.83   91.57   93.80   91.29   92.30   82.67   64.83   65.62   64.06   65.84   64.16   65.95   63.91   65.58   65.16   69.43   65.43   64.69   75.07   74.82   74.11   75.65   75.51   72.41   82.91   61.77  
 70.76   80.61   80.78   85.01   85.17   91.15   94.22   90.11   93.68   90.20   75.68   75.14   72.61   71.20   71.76   68.95   71.53   71.97   72.99   71.07   68.81   87.08   88.97   91.03   88.91   90.11   90.11   84.10   90.16   57.11  
 70.47   90.09   87.77   83.30   88.30   90.88   94.16   89.57   91.92   86.86   75.33   77.49   75.31   71.09   54.93   47.48   44.98   45.23   45.22   53.86   66.16   77.53   75.32   77.57   78.13   78.44   78.48   84.06   86.28   70.86  
 70.29   88.22   87.72   87.00   85.10   89.67   96.37   95.94   95.62   98.37   96.59   95.97   73.93   46.16   39.37   38.92   39.00   39.04   34.61   42.40   49.68   70.88   80.74   85.10   86.57   86.15   92.30   92.21   92.21   71.00  
 70.94   91.26   92.83   88.66   76.37   68.95   66.78   67.06   66.88   66.69   66.91   65.94   47.60   47.12   47.51   47.78   51.25   50.52   47.58   48.19   48.60   50.55   49.97   50.84   49.92   63.58   69.77   91.22   91.24   72.49  
 69.45   88.97   87.42   76.73   76.74   69.83   57.10   48.65   48.57   48.04   47.58   48.57   47.83   46.99   46.62   46.32   65.08   67.22   56.73   48.66   48.75   48.45   54.96   57.44   79.02   64.20   72.41   71.26   87.38   70.97  
 71.82   90.80   75.17   78.13   77.51   79.56   78.50   76.31   68.96   55.21   48.94   48.16   48.54   46.91   50.52   66.79   84.32   71.74   59.87   64.75   53.29   65.19   66.09   88.87   65.53   84.52   65.13   69.99   77.37   71.75  
 69.44   69.13   66.55   71.03   72.27   69.29   75.16   82.64   75.16   71.70   66.37   56.46   49.37   52.44   60.22   72.86   75.82   64.49   63.34   64.52   68.67   62.37   80.79   72.03   82.31   73.96   80.44   73.23   63.28   62.53  
 67.67   68.87   73.90   70.37   75.20   71.08   76.08   63.61   66.43   62.47   71.61   77.66   74.04   58.73   71.43   75.96   81.26   63.63   60.92   63.36   67.81   62.66   79.31   67.32   78.70   69.71   73.82   73.59   58.71   54.90  
 65.52   68.43   71.19   64.82   73.12   68.31   70.96   69.70   74.11   67.90   71.20   75.50   63.38   65.99   85.71   74.16   75.87   64.26   60.98   63.47   68.37   59.94   79.27   63.97   76.58   69.61   74.12   71.29   60.08   55.03  
 68.96   70.64   76.95   72.75   75.11   70.04   77.01   72.43   77.58   67.62   69.17   71.49   79.62   72.92   84.42   81.40   68.88   69.67   65.18   69.58   79.80   74.73   81.48   71.88   80.39   74.61   78.44   75.03   69.44   62.27  
 51.70   64.48   65.92   63.25   65.90   64.63   65.07   65.60   66.78   69.14   58.59   65.73   67.38   61.37   65.84   65.01   60.71   63.75   64.48   64.98   66.73   62.35   64.11   62.47   66.22   60.65   63.19   61.39   61.55   48.45  
