 54.32   66.62   67.42   68.04   67.47   67.61   67.13   67.93   70.19   67.72   70.04   69.08   68.71   69.62   69.67   69.87   65.36   67.34   69.09   69.61   72.15   66.86   67.52   68.70   69.50   68.71   67.56   71.05   68.42   54.86  
 69.97   85.16   88.24   84.18   88.51   88.25   84.97   89.01   86.76   90.86   90.41   90.12   90.61   92.61   97.71   94.17   85.90   89.10   90.10   90.37   91.20   87.54   84.04   89.37   84.42   87.26   85.16   88.57   86.67   68.93  
 75.64  100.00   98.31   98.39   98.54   98.81   96.17  100.00  100.00  100.00   99.59   98.56  100.00   98.56   97.31   94.05   97.76   99.59   98.56  100.00   99.59   99.08   93.10  100.00   96.83   99.19   92.92   99.08   99.11   78.14  
 76.40  100.00   96.64   99.70   98.56   98.56   96.67  100.00   99.31  100.00  100.00   98.82   99.26   99.59   98.15   97.62   99.20   98.95  100.00   99.98   99.55   98.56   96.03   99.08   96.18  100.00   93.98   96.72   99.53   77.63  
 73.03   98.76   99.68   98.71   98.92   98.93   96.96   99.59   97.21   98.52   98.05   97.94   97.72  100.00   99.07   98.45   98.41   98.74   98.38   98.74   97.53   99.58   90.83   97.55   91.90   99.12   90.38   97.34   98.57   78.15  
 73.13   85.45   98.33   97.93   95.11   95.04   97.25   98.57   95.77   95.35  100.00  100.00  100.00  100.00   98.74   99.42   99.84   96.65   99.07  100.00  100.00   96.52   97.50   96.74   94.66   95.18   94.74   94.22   92.59   77.10  
 70.48   89.41   86.54   97.37   95.14   93.51   96.59   97.70   98.74   94.19  100.00  100.00  100.00  100.00   99.87   98.97  100.00  100.00  100.00  100.00   99.42  100.00  100.00   98.21   96.40   95.05   91.94   92.69   95.53   69.65  
 64.44   88.92   86.07   87.91   97.98   97.71   97.80   94.69   95.84   94.00   99.19  100.00  100.00  100.00  100.00  100.00  100.00  100.00  100.00   97.37  100.00  100.00  100.00   96.47   94.90   96.32   95.19   93.60   86.86   65.55  
 64.63   80.59   86.83   89.74   93.84   90.14   91.56   89.62   90.12   87.21   99.74  100.00  100.00  100.00  100.00  100.00  100.00  100.00  100.00  100.00  100.00   97.04   90.50   86.38   89.94   89.76   85.50   84.32   85.35   66.89  
 64.31   83.13   88.98   91.89   94.18   93.15   83.68   83.72   90.05   85.61   72.22   73.12   72.15   72.10   76.44   79.87   91.20   92.50   91.35   92.53   91.39   94.22   94.99   79.62   81.53   88.51   84.37   81.55   81.94   63.66  
 69.12   91.92   92.83   84.86   88.23   93.52   83.65   83.80   89.45   83.24   71.87   72.11   70.33   70.46   75.21   73.89   73.06   72.25   73.45   74.42   85.47   95.78   96.27   87.18   82.45   82.90   82.45   82.06   82.05   65.27  
 70.80   93.20   92.39   95.33   93.95   94.92   87.23   82.44   89.00   82.45   75.83   74.68   75.20   74.45   73.40   74.65   74.15   73.88   74.64   73.52   82.35   88.37   99.07   92.20   81.75   82.54   82.94   81.35   82.53   65.36  
 73.68   96.81   93.98   93.30   92.76   98.35   91.28   79.46   90.14   85.60   74.72   73.33   74.09   74.39   73.28   74.46   73.77   73.76   74.20   73.19   80.13   84.44   81.93   82.86   84.11   84.13   81.75   82.54   82.54   64.55  
 76.14   94.00   97.29   95.96   99.35   98.34   79.29   68.24   73.50   81.88   74.37   73.11   73.42   74.28   73.33   74.06   73.59   73.34   73.80   72.93   82.31   90.63   86.41   83.87   84.06   84.03   82.84   82.06   83.23   65.29  
 75.84   96.23   98.37   99.54   98.64  100.00   84.71   76.08   81.12   82.74   74.82   73.58   74.18   74.81   73.49   74.38   74.14   74.09   74.70   73.56   86.64   98.68   87.17   82.40   86.57   81.99   82.30   80.91   81.00   64.70  
 72.78   87.00   94.50   95.21   93.93  100.00   76.16   70.03   69.08   79.14   75.87   74.45   75.00   75.75   74.39   75.45   75.08   75.07   75.48   74.42   87.57   99.13   90.17   92.15   96.32   92.29   93.67   88.92   85.94   59.61  
 71.41   92.36   96.11   95.32   97.51   96.87   85.39   76.82   77.47   80.96   77.21   75.54   76.07   76.78   75.46   76.49   76.10   76.13   76.54   73.12   83.61   96.94   95.14   88.90   96.63   93.32   90.38   82.71   84.34   57.50  
 71.23   92.73   88.57   93.27  100.00   81.89   87.65   80.52   90.30   86.22   76.03   74.00   74.72   75.01   74.33   75.18   75.48   75.24   75.95   73.67   82.57   96.35   90.75   86.58   92.43   88.94   89.32   81.99   89.14   64.83  
 72.39   90.53   89.75   96.34   92.61   84.34   85.33   82.48   89.38   82.88   76.70   75.46   75.96   77.10   75.66   76.77   76.48   76.61   76.37   68.59   89.03   95.06   92.96   92.47   96.38   95.07   94.79   80.97   90.24   61.70  
 70.47   89.67   91.21   82.97   92.50   85.35   82.71   82.99   88.56   87.55   73.16   72.68   69.95   70.29   77.33   73.77   72.97   72.46   75.33   74.90   90.16   86.02   85.18   85.13   89.28   87.80   92.95   89.93   83.08   61.05  
 66.56   79.70   92.86   96.52   85.79   81.88   81.36   82.66   92.74   86.58   72.47   73.28   72.48   72.20   84.82   92.26   91.59   91.55   92.31   87.23   91.30   86.78   89.74   90.47   91.71   90.48   90.07   90.46   90.08   66.33  
 67.62   80.59   79.72   84.16   87.33   86.93   89.08   94.12   91.83   92.47  100.00  100.00  100.00  100.00  100.00  100.00  100.00  100.00  100.00  100.00  100.00   93.03   87.21   88.63   90.97   89.50   89.04   87.86   87.78   68.77  
 68.12   83.66   83.26   88.36   95.50   97.57   98.99   97.05   97.30   98.50   98.63  100.00  100.00  100.00  100.00  100.00  100.00  100.00  100.00  100.00  100.00   97.12   95.58   97.41   96.06   96.69   96.86   95.44   83.56   66.91  
 70.99   84.54   86.15   94.39   95.95   96.98   97.44   98.55   98.74   98.05  100.00  100.00  100.00  100.00  100.00  100.00   98.07   98.06   98.81  100.00  100.00   93.21   94.74   96.82   93.87   96.85   94.79   92.75   97.68   70.14  
 69.00   84.78   94.97   95.75   97.47   95.56   95.16   98.56   96.40   96.35   99.42   98.74  100.00  100.00  100.00   98.72   94.23   96.98   98.13   99.64   99.88   94.18   98.24   93.74   95.78   96.94   94.34   96.74   93.70   77.78  
 67.83   97.38   95.52   98.44   97.57   99.47   97.76   97.77   97.06   98.79   99.08   99.68   99.40   98.41   99.42   98.22   99.16   99.98   97.77   98.63   97.78   99.59   95.85   98.27   95.18   98.68   93.73   99.03   97.74   78.15  
 73.89   98.79   95.31   98.97   97.50   98.78   97.94   99.59   98.66   99.59   99.08   98.45   98.05   99.59   97.77   96.67   99.96   98.19   99.40   99.23   97.64   99.59   97.47   99.08   98.79   99.31   97.22   99.30  100.00   78.14  
 73.89   98.79   97.30   99.97  100.00   99.11   97.37   99.08   96.47   98.82  100.00   99.58   99.07   97.99   97.65   94.73  100.00   99.45   98.79   99.38   98.94  100.00   98.50  100.00   96.01   99.70   97.60   99.91  100.00   77.95  
 63.65   85.72   88.35   86.58   88.97   87.64   86.41   89.26   87.02   88.81   90.31   90.12   91.91   91.84   98.45   93.02   89.16   89.20   89.87   91.17   88.91   88.74   85.38   89.87   88.11   88.97   85.91   90.18   87.65   69.11  
 50.20   63.70   63.97   63.51   62.97   64.29   63.30   63.67   65.70   63.55   68.04   69.09   64.62   67.38   69.31   70.68   64.45   68.54   68.58   70.40   65.25   65.27   67.53   68.98   66.32   69.12   67.96   68.93   68.43   54.87  
