 50.17   63.45   65.31   63.55   64.48   63.61   64.43   64.43   64.50   62.41   61.42   62.64   67.45   64.75   63.79   58.30   64.23   68.06   67.77   69.37   69.06   69.20   69.54   67.91   69.53   67.93   69.00   69.27   68.65   53.87  
 61.98   83.18   85.01   79.53   87.05   81.28   86.25   82.56   87.72   83.20   73.37   68.89   73.23   73.40   75.78   75.65   68.42   76.51   74.61   78.95   83.64   82.69   87.04   81.44   87.84   82.24   86.50   84.36   86.63   65.15  
 57.25   76.37   90.48   68.26   72.53   68.61   73.01   67.39   83.40   63.35   64.05   65.75   64.29   67.92   74.62   77.16   75.01   71.64   74.93   76.89   79.00   69.80   77.79   67.18   78.67   66.33   79.95   66.89   73.77   53.27  
 57.71   71.03   90.87   75.17   72.05   70.05   73.66   67.28   78.30   65.98   62.02   63.63   59.79   63.89   76.08   76.70   68.82   63.03   65.31   71.47   79.11   72.60   72.80   69.48   75.97   68.48   78.19   65.04   81.93   48.21  
 67.10   68.87   87.54   68.67   74.95   63.54   78.03   61.53   76.56   65.51   62.47   62.20   63.11   61.72   63.22   64.98   64.35   62.71   77.52   75.88   82.50   68.24   73.94   69.73   76.97   66.75   78.98   68.38   80.11   47.85  
 69.46   85.79   74.67   75.47   73.50   73.45   77.05   68.52   76.36   71.22   62.24   61.33   59.45   54.93   47.92   47.31   47.54   58.80   59.24   48.15   48.94   56.19   65.19   70.09   77.55   68.66   78.38   72.22   78.31   51.19  
 69.47   89.79   82.42   72.52   69.85   76.96   70.04   56.27   60.16   76.39   56.89   58.71   55.44   48.80   49.59   50.21   50.55   49.95   49.06   48.97   48.08   49.09   48.49   51.89   61.66   72.60   72.86   80.14   62.70   61.01  
 70.12   90.44   90.44   78.76   74.31   63.16   57.97   51.82   48.79   50.46   54.19   52.08   47.62   47.76   49.36   48.79   48.59   49.20   47.55   48.42   50.27   50.10   50.78   50.32   50.39   53.84   66.26   66.96   85.87   70.85  
 68.88   88.14   89.28   87.69   79.65   74.40   77.26   62.24   49.21   48.05   27.95   44.61   34.13   38.23   45.89   48.43   48.87   48.96   47.94   49.79   72.70   74.93   75.09   74.58   75.80   79.83   82.78   85.44   89.12   69.53  
 70.55   89.81   82.93   79.81   79.81   68.67   88.27   93.74   60.69   46.48   47.89   51.72   48.44   47.71   56.68   67.71   83.52   85.79   84.33   87.81   91.05   88.85   88.74   93.16   90.22   83.76   87.07   90.22   90.32   70.74  
 63.86   75.44   74.85   84.68   85.33   71.06   87.05  100.00   93.89   87.40   81.05   83.81   81.73   78.22   74.45   76.29   77.77   80.46   81.98   78.86   86.63   87.16   86.71   90.59   88.15   88.80   88.76   88.15   88.95   69.37  
 64.51   75.08   81.65   73.34   71.24   66.72   88.49   96.29   93.36   90.34   82.54   82.55   82.53   81.50   77.85   79.27   83.45   83.63   83.63   83.61   87.64   90.85   87.82   91.66   91.31   92.11   92.11   91.31   92.11   71.74  
 62.35   71.88   77.18   74.45   68.67   65.51   79.36   97.16   91.43   90.35   84.92   84.93   84.91   84.27   81.69   84.92   84.91   84.92   84.93   84.91   85.09   98.95   95.48   87.83   87.36   87.36   87.36   87.36   87.36   68.57  
 61.25   69.30   71.26   72.27   62.58   61.02   66.26   86.38   90.10   92.08   82.21   82.28   82.21   82.20   82.72   79.00   82.21   82.22   82.92   83.61   84.74   85.07   89.67   90.60   91.22   92.01   92.01   91.22   92.01   71.66  
 63.84   72.21   71.43   78.03   84.90   69.83   62.78   84.33   87.63   92.42   83.69   83.70   83.68   83.68   83.71   79.07   83.68   83.70   83.70   83.68   84.98   82.88   87.41   88.21   82.68   89.01   89.01   83.32   89.01   69.41  
 64.70   84.44   79.33   76.58   69.80   56.39   81.35   85.00   91.47   92.26   83.57   83.58   83.56   83.56   83.59   79.34   83.56   83.57   83.58   83.56   85.20   85.56   84.05   78.76   74.70   83.08   81.75   84.64   89.75   59.05  
 64.01   82.34   81.05   77.71   60.58   62.24   85.96   85.22   92.77   92.48   83.56   83.57   83.55   83.55   83.58   79.51   83.55   83.57   83.57   82.18   93.55   91.70   69.83   77.77   68.98   81.54   81.66   77.01   88.04   58.83  
 64.92   87.10   84.77   81.27   64.36   78.22   88.10   99.98   94.55   92.14   82.27   82.21   82.20   82.25   82.66   79.13   82.20   82.73   83.35   82.68   83.18   66.67   74.23   77.97   71.52   80.17   86.44   79.15   88.92   65.98  
 64.11   88.72   86.65   73.27   80.58   87.02   88.38   96.49   93.32   88.29   82.66   82.68   82.46   83.18   79.97   83.94   84.01   84.03   84.03   81.18   64.59   58.99   70.03   72.48   60.16   68.94   77.61   77.56   88.89   63.40  
 65.14   84.10   84.70   86.86   84.98   88.77   88.13  100.00   93.73   87.38   80.87   83.86   81.54   78.15   78.27   79.91   81.69   80.37   79.69   83.08   55.78   76.20   88.63   90.35   84.65   82.61   71.15   79.19   88.04   57.79  
 65.27   89.94   82.48   83.67   85.38   90.74   90.23   93.99   60.97   47.61   47.75   51.39   48.31   48.13   56.60   72.21   85.47   85.59   85.52   88.23   83.06   78.33   78.26   77.40   81.58   85.14   86.12   80.41   89.75   69.39  
 70.27   88.22   86.11   88.22   81.96   78.57   78.51   62.00   49.05   48.10   27.92   43.78   33.97   37.88   46.46   48.39   50.43   50.63   50.66   50.96   74.87   77.63   81.86   76.43   77.21   76.96   77.07   80.36   82.49   66.26  
 72.52   92.01   90.42   83.20   75.31   63.95   57.93   51.79   48.94   50.53   54.33   52.40   47.60   47.65   49.17   48.76   48.46   49.08   48.46   49.25   50.40   50.25   50.94   50.46   50.54   54.24   64.13   68.32   85.60   70.87  
 71.82   88.16   81.53   73.40   72.01   72.85   66.91   55.59   59.46   75.58   56.88   58.69   55.33   48.95   49.48   50.19   50.53   49.94   49.92   49.31   48.15   49.16   48.55   51.89   60.85   73.10   72.52   79.55   63.66   60.98  
 71.80   85.44   75.63   76.85   73.23   74.21   76.77   67.69   76.87   70.94   62.25   61.35   59.41   54.73   48.08   47.38   48.11   59.40   59.93   48.09   48.87   56.12   66.92   69.25   78.87   69.69   79.45   72.21   80.09   51.95  
 65.55   68.42   88.14   68.17   74.45   63.54   78.32   61.55   75.27   65.00   62.46   62.24   63.93   61.92   64.26   66.31   65.40   62.17   78.32   75.83   81.48   68.27   72.94   69.74   77.26   67.52   77.98   68.38   79.91   47.85  
 58.25   71.44   92.53   75.59   72.65   71.31   74.09   66.33   80.11   65.98   62.01   63.62   59.82   64.48   76.58   80.23   68.51   63.05   65.27   71.46   81.19   73.80   74.03   69.30   76.21   69.11   78.43   65.05   83.68   48.20  
 58.21   74.34   87.23   66.21   71.11   65.76   70.96   66.73   81.54   64.18   64.06   65.77   64.34   66.53   73.84   77.77   76.67   70.83   74.15   76.09   77.89   68.59   76.56   68.91   77.63   66.53   78.11   67.70   74.41   53.30  
 67.83   86.77   87.80   81.51   86.14   84.05   87.74   82.15   87.62   84.33   72.57   68.89   72.43   75.75   78.80   81.52   73.49   79.82   79.03   82.72   83.65   86.36   89.13   83.71   89.13   84.52   87.80   85.65   87.92   66.93  
 51.68   64.88   66.74   64.19   66.42   65.04   67.18   65.86   66.39   65.59   62.23   61.84   68.26   63.95   60.02   56.25   59.76   61.44   62.44   62.87   65.97   67.09   67.43   67.17   67.42   66.38   67.69   67.17   65.75   52.84  
