 54.03   66.17   67.22   65.87   67.59   67.52   68.35   65.95   69.94   68.00   70.58   72.63   69.05   70.70   69.19   71.61   68.82   69.66   70.98   70.97   70.65   70.00   68.75   67.91   69.53   68.34   70.59   69.27   69.86   53.87  
 66.26   83.12   84.11   85.16   83.82   84.79   82.99   84.84   82.45   85.06   88.90   90.42   89.02   91.30   96.59   96.02   89.76   86.81   89.76   91.50   92.53   86.48   83.83   85.61   87.01   83.63   86.51   87.73   86.63   66.80  
 70.65   92.36   92.28   93.59   96.06   92.80   96.07   93.07   95.15   91.89   95.64   94.03   96.64   95.63   97.60   93.63   97.22   96.58   94.84   94.26   96.53   92.98   97.64   93.06   96.05   93.18   97.04   93.40   96.42   72.45  
 74.89   97.49   92.21   98.04   98.51   97.12   96.64   96.40   96.30   94.75   99.65   98.50   99.26   98.68   96.42   95.70   98.07   99.39   99.38   96.32   93.12   96.00   96.20   97.29   97.19   97.23   95.17   98.43   97.71   75.66  
 69.78   98.39   91.97   99.00   97.40   98.91   94.26   99.36   97.00   97.61   99.20   98.86   98.87   99.20   99.59   97.63   98.11  100.00   96.46   92.08   87.55   98.08   93.59   96.95   94.21   99.42   94.04   94.79   94.56   77.33  
 66.75   94.83   96.63   97.24   94.99   96.75   91.24   97.40   93.46   97.17   99.00   99.39   99.36  100.00  100.00   98.73   97.67   96.69   95.04   98.15   98.65   95.61   92.62   94.35   89.90   96.41   90.52   93.08   92.96   77.21  
 67.81   83.88   95.16   96.44   96.48   91.30   95.19   96.64   94.25   96.16   97.19   98.82   99.47   99.96   95.42   96.16   91.92   92.71   94.41  100.00  100.00   99.43   99.42   95.54   95.17   93.82   91.81   87.37   94.69   69.24  
 68.10   84.97   86.65   97.14   98.68   99.01  100.00   97.64   97.94   97.07   94.91   94.16   98.82   95.42   92.75   98.28   92.57   92.05   94.06   99.82  100.00  100.00  100.00  100.00   98.74   98.60   92.45   93.97   86.08   65.54  
 68.33   83.46   79.88   87.30   88.82   95.16   90.26   94.85   97.80   95.96  100.00  100.00  100.00  100.00   99.89   98.02   94.99   95.08   94.75   99.15   97.16   95.87   96.18   93.64   92.74   95.44   92.68   88.14   80.56   64.90  
 69.49   86.84   88.13   92.12   90.98   96.36   87.89   89.25   97.08   91.63   84.11   83.57   83.27   84.10   96.00   98.07   93.22   90.71   90.71   91.84   95.46   91.13   89.87   86.41   84.69   87.56   84.82   85.88   84.69   68.41  
 70.02   91.22   93.37   91.41   93.55   98.11   88.12   86.94   92.78   90.04   78.70   79.56   77.82   78.49   84.87   80.79   80.58   76.06   76.98   78.95   87.73   92.17   87.15   86.43   82.13   83.73   82.52   84.13   83.74   67.34  
 73.13   91.67   92.76   97.67   97.46   99.67   94.50   86.70   96.83   92.97   79.55   79.39   79.43   79.13   79.84   75.94   76.04   75.59   75.59   76.17   84.47   92.91   87.47   87.88   81.34   83.72   82.53   84.53   86.93   64.96  
 74.33   95.19   92.79   95.68   92.08   98.56   95.45   98.51   96.68   90.34   75.81   75.44   76.47   76.15   79.04   76.35   76.07   75.66   75.94   76.28   84.74   92.15   84.92   84.84   81.75   83.35   81.75   82.95   86.16   66.17  
 74.43   94.41   92.94   93.98   98.34   98.72   97.07   87.77   92.50   92.04   78.73   79.66   79.23   79.01   79.46   79.09   79.28   79.59   74.99   75.54   83.48   84.71   85.33   85.04   82.04   84.83   82.03   84.43   86.86   64.10  
 72.91   95.76   95.15   96.57   88.22   95.34   96.53   86.68   92.78   91.76   74.87   73.98   75.29   74.97   73.98   75.86   74.99   74.38   74.76   75.07   82.80   80.22   84.35   81.38   78.98   82.59   82.19   79.38   85.78   66.19  
 72.22   90.51   94.24   91.09   92.08  100.00   87.06   86.46   93.28   91.43   75.90   75.62   76.11   76.11   75.55   76.66   76.25   75.79   75.57   76.39   83.99   85.00   90.67   91.55   87.49   87.08   80.04   80.40   87.64   59.70  
 71.83   89.20   89.76   93.24   96.02   99.40   88.70   86.18   91.65   90.34   74.68   74.12   75.16   74.82   74.06   75.56   74.92   74.36   74.66   77.75   93.88   96.63   95.79   89.85   79.15   84.24   75.13   74.08   89.23   57.20  
 72.61   89.60   90.54   92.28   98.73   92.79   89.01   96.03   99.27   93.41   78.70   78.88   79.33   78.89   77.32   80.99   79.06   77.92   74.92   86.06   93.10   97.43   93.23   90.58   78.25   88.27   83.48   76.28   90.09   66.69  
 71.01   84.96   83.17   92.91   92.73   88.84   84.32   89.54   96.22   91.54   75.54   75.46   75.70   76.22   75.14   75.28   75.64   75.42   74.90   86.97   93.51   95.32   94.60   95.45   81.39   92.65   80.56   75.50   87.96   60.86  
 73.50   87.93   87.16   90.61   91.53   90.31   84.89   87.94   90.85   87.58   78.03   78.57   78.01   78.63   86.20   78.72   75.65   74.95   80.41   89.83   97.13   93.27   87.20   90.03   90.09   85.28   83.63   74.65   89.23   59.11  
 71.72   81.12   91.66   93.80   85.66   83.58   83.34   90.10   96.65   91.50   83.31   83.51   82.92   83.34   95.36   91.87   90.22   91.05   91.91   97.51   94.70   95.33   95.67   87.91   86.28   85.59   81.29   84.79   82.88   66.55  
 69.32   81.41   78.69   86.57   89.66   89.36   90.28   92.76   94.57   95.56  100.00  100.00  100.00  100.00   99.73   98.07   96.40   94.70   94.25   97.38   98.74   99.43  100.00   92.15   91.08   90.87   89.16   88.46   85.45   65.73  
 72.53   85.65   86.89   91.41   95.53   98.09   98.53   96.61   94.51   95.01   95.87   96.05  100.00   96.17   91.68   97.46   93.50   91.66   94.24   99.69  100.00  100.00  100.00  100.00  100.00   99.39   94.14   92.26   84.60   64.54  
 70.18   84.60   94.22   95.46   95.47   93.33   96.93   95.54   93.93   98.90   98.07   99.08   99.42   99.96   94.64   96.98   91.74   92.15   94.33  100.00  100.00  100.00  100.00   96.71   98.11   92.15   95.05   84.50   95.29   68.94  
 70.59   93.57   98.73   96.60   91.91   96.49   94.22   97.11   95.21   98.19   99.42   99.50   99.42   99.42  100.00   98.71   97.70   96.00   94.95   99.42   99.42   98.28   94.64   96.44   90.91   97.19   91.05   93.74   89.20   77.45  
 71.72   98.07   96.08   99.11   96.58   99.04   95.37   98.98   95.85   97.87   99.05   98.91   97.69   96.99   99.96  100.00   97.18   99.43   94.52   94.82   92.49   98.42   94.11   98.47   99.06  100.00   94.49   97.24   92.95   77.62  
 76.27   98.29   96.72   96.73   97.76   96.72   96.73   97.00   97.49   96.34   99.48   98.58   99.51   98.01   98.58   97.92   98.71   99.44   98.85   97.47   95.11   97.40   95.23   97.04   99.58   98.43   96.12   97.63   95.90   76.46  
 71.80   91.54   90.63   92.70   96.02   93.39   95.46   92.37   94.88   91.64   96.43   95.04   97.23   95.42   96.20   94.23   97.22   96.18   93.90   93.87   95.04   93.07   96.64   93.39   96.13   92.48   96.24   93.20   94.83   72.24  
 67.33   82.93   82.09   85.87   82.69   82.66   84.10   85.23   82.15   85.52   90.54   91.50   91.57   92.25   96.01   94.02   89.84   86.30   89.17   91.78   90.74   89.54   86.27   88.64   87.87   87.10   88.11   88.84   89.44   66.72  
 52.33   65.65   65.63   65.09   65.47   65.81   65.57   66.50   66.77   65.95   69.39   72.63   66.56   69.52   69.75   70.81   68.00   71.25   71.77   70.45   69.86   68.94   67.29   66.23   67.68   67.01   68.99   66.75   68.66   52.55  
