 52.71   65.00   67.39   65.21   67.04   65.57   65.89   66.70   66.56   66.43   59.87   61.64   70.71   60.61   67.32   64.07   53.49   56.37   53.75   59.01   64.76   67.66   66.71   69.10   69.10   67.50   67.16   68.66   67.62   54.06  
 66.82   83.19   83.09   82.38   84.13   84.06   82.99   82.81   83.55   84.82   73.44   73.05   73.50   72.16   81.15   80.90   76.04   71.82   69.37   78.04   77.27   85.35   84.58   85.19   85.38   85.20   84.55   84.32   83.79   67.34  
 67.30   78.26   80.13   70.41   75.88   72.71   72.99   74.11   72.70   75.48   66.58   64.95   71.64   68.37   82.45   83.84   79.77   70.93   73.43   68.01   67.53   72.40   73.18   72.76   73.09   74.94   69.66   76.87   69.96   62.13  
 64.54   68.32   79.07   64.93   77.42   66.61   77.73   65.20   80.56   64.71   56.33   59.72   61.27   72.63   72.56   78.61   64.08   62.72   61.00   76.75   75.42   66.68   79.53   64.97   78.46   70.30   75.58   71.75   72.30   55.17  
 67.00   68.74   80.03   69.69   83.42   67.88   84.16   68.61   82.72   68.61   58.77   62.43   64.38   60.59   55.45   56.64   59.59   57.67   73.10   87.77   80.29   68.75   79.00   66.98   78.16   70.60   73.69   74.05   71.51   57.26  
 68.69   70.80   67.93   71.29   86.29   71.50   82.39   73.05   85.13   69.69   59.44   62.68   57.32   52.49   47.41   48.17   47.29   53.05   64.52   63.74   64.06   68.03   81.74   71.32   82.96   73.07   81.09   75.93   77.55   57.23  
 69.47   85.77   69.53   73.54   67.86   79.08   68.80   55.32   71.46   70.44   59.29   54.10   52.46   47.06   48.56   48.30   48.49   48.57   47.79   48.73   48.43   48.33   53.38   66.91   73.95   74.33   71.68   80.06   68.38   66.26  
 70.12   89.34   84.54   70.79   71.55   57.30   54.35   49.23   55.29   54.74   57.78   53.47   47.03   48.32   48.20   49.48   48.98   48.27   49.20   48.41   48.71   48.92   48.26   49.20   54.21   64.88   77.87   68.45   85.56   70.06  
 69.60   88.80   88.47   80.91   68.50   68.41   65.57   49.64   49.56   47.16   34.36   45.45   37.96   36.91   36.72   45.63   62.13   67.15   66.71   66.97   67.26   66.86   67.32   63.81   65.42   65.63   66.65   80.96   89.28   69.62  
 70.71   90.72   90.93   90.92   90.12   90.92   90.12   68.62   45.47   38.69   41.39   42.55   40.56   41.53   67.03   92.10   81.79   82.51   82.52   82.16   87.20   98.37   99.04   88.25   91.73   90.52   91.04   91.73   90.56   66.99  
 68.83   84.97   79.68   73.07   72.20   80.84   90.54   84.22   79.36   77.72   70.86   74.50   71.31   70.94   86.09   87.55   81.34   82.61   81.27   82.36   87.38   96.67   96.56   89.67   88.95   88.16   88.95   88.95   84.89   67.08  
 65.34   86.00   79.73   76.99   71.76   71.71   87.41   93.05   81.14   79.99   79.09   78.73   78.72   78.91   81.99   81.03   81.78   81.97   80.96   81.86   86.44   96.14  100.00   94.76   90.52   90.52   90.52   90.52   86.69   70.94  
 65.21   85.13   80.86   79.88   76.60   67.21   81.51   89.54   81.96   81.61   81.96   81.11   81.83   81.94   81.35   81.56   81.88   81.41   81.59   81.85   83.33   99.01   96.68   87.01   88.15   87.36   88.15   88.15   84.70   68.57  
 65.57   85.41   81.99   82.54   72.91   76.54   82.51   97.15   84.56   81.25   81.54   81.29   81.40   81.56   81.59   81.07   81.55   81.60   81.10   81.57   83.27   85.99   90.22   90.64   92.01   91.22   92.01   92.01   87.00   71.66  
 67.17   84.59   83.74   81.28   86.06   79.27   76.71   97.15   84.64   81.48   81.43   81.44   81.33   81.57   81.79   80.81   81.62   81.85   80.73   81.70   83.50   80.54   88.80   88.99   82.50   88.21   89.01   80.96   84.69   69.41  
 66.04   84.26   81.56   81.69   83.68   85.93   80.03   97.15   84.98   81.55   81.69   80.82   81.39   81.68   81.06   81.12   81.65   81.03   81.20   81.62   82.93   84.49   90.60   90.56   85.60   84.33   80.66   83.87   84.48   59.38  
 65.57   83.34   80.92   84.21   86.13   88.05   80.15   94.05   83.66   81.14   81.49   81.20   81.26   81.51   81.50   80.94   81.49   81.51   80.95   86.15   87.70   87.89   88.67   89.64   75.22   84.34   79.88   73.91   82.36   58.35  
 65.05   87.89   86.92   83.82   85.43   85.51   86.78   90.29   80.08   81.75   81.91   81.90   82.02   82.06   82.26   81.49   82.12   83.02   82.73   88.35   90.86   84.33   94.89   96.37   75.24   88.99   86.59   76.45   85.47   66.57  
 65.71   87.07   90.15   86.58   86.17   86.89   88.02   92.96   81.05   80.78   79.69   79.17   79.53   79.52   81.56   81.42   81.87   81.50   81.34   83.13   93.97   90.77   96.18   94.09   74.28   87.23   83.53   74.87   84.07   62.36  
 65.12   85.28   83.99   84.58   83.84   89.65   86.79   87.32   83.42   79.36   76.25   76.87   75.33   75.23   83.01   83.15   82.38   81.92   82.72   86.85   88.26   90.74   97.00   97.02   89.54   84.05   78.97   77.78   82.73   58.75  
 67.23   90.63   89.69   89.75   91.34   90.55   88.18   69.70   45.58   38.92   41.46   43.99   40.73   41.56   63.37   82.59   82.43   84.39   81.58   86.23   89.86   90.33   90.39   90.40   90.74   91.55   90.55   87.12   86.83   68.09  
 66.04   88.22   86.26   80.57   68.24   68.21   65.21   49.69   49.34   46.89   34.31   45.04   37.93   36.84   36.81   46.24   61.32   63.78   63.18   65.66   67.69   66.99   67.73   67.99   69.07   68.48   68.72   83.04   88.67   68.50  
 67.50   91.22   83.92   73.78   72.24   57.13   54.16   48.89   55.39   54.84   57.76   53.28   46.90   48.54   48.06   49.20   49.09   48.41   49.33   48.55   48.84   49.06   48.40   49.33   53.13   65.56   77.39   69.47   86.61   70.89  
 66.05   84.70   69.30   74.58   67.91   79.19   65.68   55.41   68.94   70.45   59.29   54.29   52.85   47.00   48.81   48.30   48.36   48.44   47.66   48.64   48.31   48.20   52.48   66.82   71.22   73.77   71.41   78.27   68.02   67.01  
 66.23   70.82   67.19   72.13   86.02   71.16   82.89   73.03   85.64   70.49   59.45   62.64   57.55   52.89   47.33   48.21   47.26   53.01   66.61   65.82   66.43   70.70   82.22   71.81   83.73   75.17   80.77   76.98   77.25   57.25  
 63.30   68.74   79.27   69.69   80.54   67.37   82.07   68.61   81.43   68.61   58.77   62.46   64.38   61.69   55.08   54.29   59.57   57.68   74.18   85.47   77.14   67.67   77.71   66.49   77.46   70.10   72.40   73.06   71.01   57.25  
 63.05   70.34   80.48   64.95   78.13   66.54   79.33   65.21   80.52   64.62   56.34   59.73   61.15   73.85   69.99   79.09   65.31   63.96   62.87   78.64   76.51   66.65   79.55   64.99   79.10   68.73   75.62   72.35   72.33   56.66  
 62.78   77.22   79.50   69.64   75.96   71.21   71.35   74.07   72.76   74.76   65.85   64.96   70.93   67.10   74.42   81.92   80.29   69.75   71.59   68.11   66.16   71.61   73.18   72.72   71.63   74.15   69.63   75.45   69.98   61.43  
 64.62   86.28   85.88   84.17   85.63   85.56   85.28   85.10   85.05   86.13   72.65   72.27   73.97   71.35   79.76   80.62   75.46   71.83   69.40   78.83   79.37   88.73   86.08   88.87   88.27   88.28   86.34   87.70   87.47   69.14  
 48.02   59.95   61.81   60.68   61.98   60.51   60.84   61.64   61.51   61.44   59.05   61.64   69.41   60.59   65.27   63.31   53.60   55.51   53.81   58.57   63.03   65.04   64.37   67.79   66.99   65.16   65.33   66.83   65.51   52.24  
