 51.53   63.80   66.89   64.87   65.26   65.76   64.35   65.86   64.84   65.82   66.24   69.44   71.88   68.23   64.15   66.05   65.11   65.32   65.08   64.92   67.97   65.45   64.84   65.37   65.35   64.85   65.45   65.59   64.82   52.02  
 65.94   80.46   81.59   81.51   81.55   82.15   80.76   83.08   82.05   79.68   85.99   85.00   81.80   85.28   93.75   86.15   77.94   79.24   78.61   78.54   86.51   82.55   81.26   82.57   82.56   81.27   82.54   81.44   81.67   64.48  
 65.37   80.55   84.42   82.10   85.14   84.25   83.59   85.12   84.08   86.61   84.17   83.91   83.38   89.08   87.66   90.69   89.89   84.32   82.03   85.27   86.73   83.92   84.00   84.21   83.40   84.06   83.86   83.34   82.27   67.13  
 65.87   86.55   93.68   89.70   90.08   89.86   88.80   90.82   86.64   93.18   98.74   97.88   98.06   93.81   94.08   92.51   95.54   94.92   97.87   90.97   88.47   91.08   87.76   92.60   85.80   92.52   86.35   91.82   87.07   74.65  
 68.13   95.67   93.63   98.62   97.11   97.54   90.78   97.30   94.50   97.50   97.25   97.11   97.39   98.05   94.53   93.20   95.83   99.31   92.57   84.12   86.99   99.80   92.32   99.65   91.37   97.80   93.39   95.44   94.96   77.33  
 66.98   96.05   97.60   94.62   94.45   94.78   92.71   93.56   91.04   95.22   98.28   98.64   95.01   93.87   93.97   93.57   96.44   96.15   92.58   90.97   93.60   95.33   87.87   92.93   89.20   93.98   87.62   92.13   89.67   76.18  
 64.89   83.53   95.33   93.95   92.63   89.27   95.33   93.09   94.19   96.18   98.23   94.26   96.26   92.92   94.85   95.06   96.68   96.32   96.97   96.77   96.33   96.19   95.90   94.66   93.42   91.59   95.99   88.67   94.98   66.48  
 63.19   79.89   84.31   95.33   93.71   95.39   96.30   91.08   94.05   92.79   96.07   95.43   92.45   92.57   91.00   98.41   98.11   97.05   98.49   99.44   98.33   98.57   96.84   97.12   95.29   98.36   88.73   93.84   83.67   63.92  
 65.73   82.81   82.51   90.42   91.26   91.85   92.61   92.92   94.46   95.53   98.46   96.39   97.57   98.04   99.22   93.87   97.06   94.91   93.46   94.22   93.78   91.55   92.88   91.12   91.65   89.93   90.59   84.90   81.24   63.58  
 67.15   86.09   85.50   83.98   81.17   83.43   80.65   89.08   93.40   98.34   92.76   92.09   92.35   92.33   92.13   85.51   88.53   85.85   86.46   86.73   86.31   82.99   80.65   78.65   81.81   80.63   79.39   80.27   80.76   66.62  
 64.69   89.94   87.80   91.37   91.08   86.45   84.06   83.97   87.14   88.83   86.36   85.45   86.57   86.49   91.76   91.41   86.24   84.44   84.90   85.21   85.10   83.25   84.04   84.41   80.83   79.64   80.42   80.43   82.44   66.49  
 70.06   85.39   90.01   92.87   92.68   95.35   88.53   84.88   84.07   81.92   81.66   80.60   81.86   81.74   80.57   81.80   81.82   80.69   81.66   81.81   81.49   86.14   79.75   83.73   79.34   79.35   80.14   79.74   84.55   64.16  
 68.36   90.27   87.88   88.65   92.29   95.61   92.52   84.92   83.93   82.78   82.47   81.55   82.73   82.63   81.51   82.60   82.74   81.65   82.38   82.75   83.55   80.94   84.92   84.52   79.33   78.95   78.93   78.94   83.75   63.75  
 70.17   87.31   84.81   88.61   93.82   91.32   88.07   83.64   82.31   81.46   81.18   80.27   81.40   81.31   80.23   81.29   81.40   80.36   81.11   81.41   84.83   82.91   82.97   82.47   81.63   79.65   81.23   80.44   85.27   64.10  
 68.61   87.33   85.77   89.28   82.89   88.94   90.57   84.66   82.90   82.46   82.22   81.06   82.41   82.31   81.03   82.34   82.37   81.15   82.18   82.36   86.05   81.26   81.10   79.47   80.73   79.42   80.20   79.44   84.39   65.20  
 69.50   88.36   88.41   87.66   86.05   85.29   86.55   84.09   82.64   82.19   81.83   80.98   82.10   81.98   80.94   81.99   82.07   81.09   81.77   82.08   85.71   83.07   83.15   78.03   82.87   80.93   83.58   81.06   84.36   65.59  
 67.88   86.10   88.76   84.41   82.66   77.27   85.41   84.71   82.18   81.44   81.12   80.21   81.38   81.26   80.17   81.27   81.35   80.31   81.07   86.47   89.37   83.64   79.41   82.85   80.56   78.38   78.85   78.58   85.72   63.57  
 67.67   87.57   86.93   89.55   86.16   88.03   83.58   83.05   85.05   82.97   82.79   81.61   82.95   82.90   81.58   82.86   82.97   81.69   82.71   89.17   93.57   86.78   82.99   82.32   83.07   80.27   81.08   78.36   84.91   67.28  
 69.50   85.56   83.91   81.09   83.58   86.04   85.56   86.66   84.46   81.78   81.46   80.61   81.70   81.59   82.10   81.62   81.69   80.73   81.42   88.21   93.29   88.96   83.83   87.61   82.52   81.29   80.31   79.81   85.67   65.44  
 69.47   88.20   86.91   88.39   84.96   82.35   84.80   84.78   86.67   90.70   88.08   85.43   87.58   88.10   92.52   86.44   86.37   86.24   86.01   88.28   89.57   83.19   80.49   82.34   85.80   81.00   81.74   80.07   84.62   64.69  
 66.76   80.94   78.09   80.31   85.00   85.22   82.01   91.85   96.51   98.34   92.76   92.09   92.35   92.33   95.64   90.02   87.22   85.29   86.69   86.84   83.37   82.11   82.10   83.30   82.41   81.90   80.91   78.57   82.40   67.24  
 65.23   79.81   78.97   93.22   95.28   95.40   96.13   95.91   96.01   96.98   99.00   99.06   97.68   99.38   99.71   94.82   92.47   91.47   91.78   93.05   91.38   91.10   91.55   93.59   94.61   92.93   92.00   83.23   81.36   65.57  
 65.73   82.05   83.41   94.47   94.20   94.48   93.84   92.30   93.16   93.83   94.02   96.04   93.85   92.46   92.16   93.00   94.24   95.44   96.22   96.67   93.80   94.44   95.65   95.14   92.16   94.44   85.07   93.79   83.17   63.72  
 66.59   83.11   95.88   90.80   92.12   91.67   96.06   92.06   91.89   94.58   98.25   94.01   95.93   95.24   93.21   93.46   93.84   94.15   93.82   95.49   96.21   94.38   95.39   91.26   91.88   90.21   93.77   86.86   95.02   66.83  
 69.28   90.83   97.59   95.35   94.15   95.37   94.09   93.83   91.64   94.38   98.28   98.62   97.29   96.89   95.64   91.69   90.69   93.99   89.04   88.67   92.30   94.60   88.08   93.48   87.15   92.00   90.13   92.52   89.11   75.23  
 69.88   95.06   95.54   97.06   95.04   96.74   94.07   97.13   93.57   95.48   99.59   97.62   98.32   94.83   96.07   91.41   96.87   97.61   90.79   85.12   89.66   99.31   92.05   97.69   91.26   97.36   92.98   95.68   94.90   78.13  
 68.77   86.15   94.00   87.78   89.57   89.86   88.12   92.21   87.57   92.38   99.73   98.59   97.72   94.58   97.50   93.14   94.79   94.92   95.97   88.94   87.21   90.29   88.01   92.60   86.22   92.84   85.48   90.83   86.88   74.65  
 68.50   81.07   84.91   81.71   83.54   83.85   83.80   83.73   83.48   85.02   85.22   84.24   83.54   89.69   93.64   92.05   88.71   83.53   81.24   84.03   87.02   83.93   83.18   84.02   84.00   83.95   83.17   83.74   82.28   66.92  
 68.29   80.46   83.59   81.50   81.66   83.19   81.71   82.73   82.49   82.72   86.79   85.00   80.96   85.96   95.45   85.73   77.94   79.25   78.55   79.34   85.91   82.79   82.21   82.23   82.21   82.22   82.79   80.75   81.66   64.39  
 53.41   63.01   66.66   63.67   65.54   65.11   64.38   64.80   64.58   67.24   65.44   69.03   71.08   67.03   66.36   65.77   65.11   65.32   65.08   64.91   67.57   64.79   64.07   63.51   63.50   64.08   64.79   63.89   63.22   51.50  
