 53.12   63.80   70.90   64.87   68.44   66.57   66.74   67.46   66.42   65.82   66.24   69.44   71.88   69.02   71.35   66.85   64.31   64.53   65.08   65.72   67.97   66.25   67.23   66.17   66.14   67.25   66.24   67.18   64.82   53.61  
 67.64   79.66   87.22   79.91   83.21   83.35   83.58   83.51   82.47   83.67   86.79   85.00   80.95   80.21   92.65   86.58   77.94   78.46   78.54   79.33   84.95   83.75   84.07   83.01   82.98   84.10   83.73   82.30   81.67   66.13  
 69.42   81.06   88.21   82.11   86.59   84.64   85.56   86.31   84.45   87.41   85.20   84.59   85.12   88.80   96.00   92.76   90.84   84.32   84.61   85.25   86.66   84.33   85.27   85.00   84.18   85.29   84.31   84.91   82.27   68.72  
 74.17   88.64   96.53   88.11   93.36   91.40   92.37   93.10   90.47   94.20  100.00  100.00  100.00  100.00   97.00   96.20   98.59  100.00  100.00   96.12   88.11   90.29   93.66   91.80   90.98   92.89   91.07   94.41   87.26   73.85  
 77.10  100.00  100.00   98.21   99.31  100.00   99.31   99.31   97.41   98.51  100.00  100.00  100.00  100.00   96.12  100.00  100.00   99.51   97.91   91.00   93.04   97.42   99.31   97.71   98.21   98.51   98.51   98.51   98.51   76.54  
 76.87   98.51   99.31   97.19  100.00   99.31  100.00   97.71   98.79   98.51  100.00   98.51   99.31   98.51   99.31   99.31   97.71   95.88   92.69   89.50   92.69   97.19   98.51   96.92   95.60   98.51   97.71   98.51   97.71   75.74  
 76.88   97.19   96.95   97.71  100.00   96.16   96.68   99.31   95.60   97.47   97.47   97.99   96.40   97.47   96.68   99.58   95.08   97.71   94.29   89.79   93.49   95.60   95.32   95.60   97.19   94.81   95.32   97.19   97.19   75.74  
 71.52   95.82   96.02   96.92   96.91   96.81   97.91   96.92   95.82   96.31   93.92   94.22   94.22   93.93   93.93   95.81   92.33   94.52   91.54   89.64   93.13   96.62   93.73   96.62   97.41   95.02   94.53   97.41   96.62   76.54  
 71.19   89.97   94.80  100.00  100.00  100.00  100.00  100.00  100.00   98.83   97.92   97.92   97.92   97.92   94.88   93.90   93.95   94.55   94.25   94.35   94.87   93.90   94.69   90.08   90.88   91.67   90.88   90.79   90.08   71.21  
 70.71   89.87   95.12   92.93   92.13   94.53   94.51   95.89   94.51   93.49   90.61   89.99   90.16   90.14   90.87   91.65   88.82   85.84   86.46   86.73   90.44   93.53   93.52   90.13   91.73   90.14   91.71   91.83   91.02   69.73  
 68.71   85.60   91.51   93.06   91.99   92.93   90.55   86.43   83.42   90.18   86.35   85.44   86.54   86.48   94.08   94.53   86.12   82.92   81.24   80.51   86.10   91.34   93.73   87.36   88.95   88.16   88.95   88.95   88.16   69.37  
 71.29   91.73   90.00   90.48   90.70   90.16   95.31   91.29   84.21   81.67   81.15   80.56   81.53   81.50   80.87   81.81   81.96   80.99   81.63   81.97   85.37   97.70   96.11   92.91   91.31   90.52   90.52   91.31   91.31   71.74  
 68.37   86.73   88.29   87.47   89.12   86.45   92.14   88.15   84.52   82.83   82.66   81.48   82.80   82.76   81.45   82.72   82.83   81.55   82.57   82.83   84.69   91.34   97.71   96.92   88.95   88.15   88.95   88.95   88.15   69.37  
 71.75   90.10   90.01   89.39   90.58   91.20   92.81   92.03   83.61   81.51   81.27   80.36   81.46   81.40   80.33   81.34   81.50   80.44   81.17   81.51   84.42   86.88   98.72   97.68   92.01   91.22   92.01   92.01   91.22   72.46  
 69.45   89.15   88.75   87.11   88.04   90.60   92.99   89.80   84.65   82.51   82.24   81.37   82.45   82.39   81.34   82.32   82.50   81.46   82.12   82.51   84.05   81.08   98.71   96.93   87.14   88.21   89.01   85.55   88.21   70.21  
 71.23   91.87   88.15   91.20   90.10   92.35   88.23   93.94   84.08   82.25   82.11   80.99   82.23   82.19   80.96   82.15   82.25   81.05   82.03   82.24   84.81   85.28   99.25   97.52   91.85   88.57   88.05   89.27   90.69   67.32  
 69.18   87.51   87.50   87.83   89.30   90.27   88.00   91.62   83.50   81.51   81.28   80.37   81.46   81.41   80.33   81.35   81.50   80.44   81.18   86.28   98.71  100.00  100.00   97.09   84.47   86.87   86.34   83.05   88.97   66.05  
 70.73   89.11   89.05   89.68   91.72   91.71   93.47   90.83   82.94   82.98   82.71   81.74   82.93   82.87   81.70   82.80   82.97   81.85   82.58   92.03   94.41   87.14   98.51   94.12   85.62   90.02   88.99   86.42   89.73   70.48  
 69.65   91.21   90.65   86.88   89.93   90.11   93.30   90.95   81.77   81.51   81.69   80.67   81.81   81.77   82.03   81.75   81.86   80.74   81.65   87.92   93.53   98.51  100.00   95.27   85.63   89.04   87.94   84.04   89.02   69.15  
 69.85   88.31   92.97   91.69   92.31   94.08   93.11   86.06   82.29   87.47   88.06   85.38   87.71   88.08   92.72   86.42   86.43   86.23   86.04   91.54   90.67   89.91   93.30   94.36   93.73   87.50   87.14   85.56   89.60   66.68  
 71.32   91.47   92.22   94.93   93.53   96.53   95.91   93.45   95.31   93.63   90.61   89.98   90.16   89.33   89.20   90.02   87.22   85.29   86.69   92.38   93.33   92.34   92.54   93.53   92.93   91.55   90.55   88.52   91.55   72.14  
 71.85   89.00   91.22   96.95   96.95   96.16   96.95   96.16   96.16   95.92   93.98   93.98   94.76   94.76   91.97   94.54   93.15   90.42   89.53   91.83   90.58   92.14   95.32   92.94   94.53   91.36   90.55   89.76   89.76   70.96  
 72.55   96.83   96.09   97.66   98.46   98.43   97.66   96.83   98.43   98.45   96.02   93.64   95.27   95.25   95.22   96.08   93.72   96.11   93.69   91.29   95.26   96.11   95.32   97.71   98.51   95.29   96.11   97.69   97.69   77.33  
 76.60   96.12   96.92   96.92  100.00   96.92   96.92   99.31   98.51   98.51   96.92   95.32   96.92   96.92   96.92   98.51   96.12   97.71   94.53   89.75   93.73   96.92   96.12   96.92   98.51   96.12   95.32   98.51   98.51   76.54  
 78.19  100.00   98.51   97.71   99.31  100.00   98.51  100.00   99.31   99.31  100.00   96.11   98.50   97.71   97.71  100.00   97.71   96.11   94.52   90.52   95.30   97.71   97.71   96.11   98.50   97.71   97.71   96.11   98.50   76.54  
 77.39  100.00   99.31   98.51   99.31  100.00   99.31   99.31   95.32  100.00  100.00   98.51  100.00   98.51   96.12  100.00  100.00   99.31   97.71   89.72   92.12   96.12   99.31   97.71   96.92   97.71   99.31   97.71   96.92   75.74  
 74.87   88.64   96.53   88.90   93.98   91.40   92.37   93.09   91.26   94.21  100.00   99.21  100.00   99.21   98.41   98.41  100.00  100.00  100.00   96.11   91.20   90.29   93.56   91.80   92.57   92.79   91.07   94.41   88.86   73.85  
 69.51   80.28   88.22   82.12   85.19   83.87   86.37   85.52   84.46   86.62   85.26   83.88   85.13   88.10   94.72   93.74   90.94   84.33   84.67   85.25   86.77   84.33   84.56   85.01   84.19   84.59   84.31   84.92   82.28   68.72  
 69.43   80.16   87.72   81.21   84.20   83.85   84.87   84.81   83.76   86.71   79.82   85.00   80.95   81.21   91.10   85.49   78.75   78.45   78.55   79.34   85.44   83.75   84.57   83.51   83.48   84.59   83.73   83.30   81.66   66.63  
 52.89   62.49   70.39   63.55   67.41   64.46   66.23   66.95   65.91   66.45   66.24   69.43   71.08   67.18   67.71   66.82   62.72   62.93   63.49   64.91   66.66   64.66   65.13   65.65   65.63   65.15   64.65   66.15   64.02   52.31  
