 11.93    0.00    0.00    0.00    0.00    0.00    0.00    0.00    0.00    0.00    0.00    0.00    0.00    0.00    0.00    0.00    0.00    0.00    0.00    0.00    0.00    0.00    0.00    0.00    0.00    0.00    0.00    0.00    0.00   11.93  
  1.94   18.59   16.61   14.34   20.05   12.29   18.59   16.61   14.34   20.05   12.29   18.59   16.61   14.34   20.05   12.29   18.59   16.61   14.34   20.05   12.29   18.59   16.61   14.34   20.05   12.29   18.59   16.61   14.34   10.23  
 21.15   31.52   31.54   31.30   31.03   30.76   31.52   31.54   31.30   31.03   30.76   31.52   31.54   31.30   31.03   30.76   31.52   31.54   31.30   31.03   30.76   31.52   31.54   31.30   31.03   30.76   31.52   31.54   31.30   21.13  
 15.85   23.06   24.28   25.26   21.77   25.71   23.06   24.28   25.26   21.77   25.71   23.06   24.28   25.26   21.77   25.71   23.06   24.28   25.26   21.77   25.71   23.06   24.28   25.26   21.77   25.71   23.06   24.28   25.26   16.63  
 15.59   22.69   23.94   24.96   21.35   25.44   22.69   23.94   24.96   21.35   25.44   22.69   23.94   24.96   21.35   25.44   22.69   23.94   24.96   21.35   25.44   22.69   23.94   24.96   21.35   25.44   22.69   23.94   24.96   16.42  
 21.25   31.64   31.71   31.50   31.12   30.95   31.64   31.71   31.50   31.12   30.95   31.64   31.71   31.50   31.12   30.95   31.64   31.71   31.50   31.12   30.95   31.64   31.71   31.50   31.12   30.95   31.64   31.71   31.50   21.23  
 15.00   22.89   21.70   20.16   23.61   18.53   22.89   21.70   20.16   23.61   18.53   22.89   21.70   20.16   23.61   18.53   22.89   21.70   20.16   23.61   18.53   22.89   21.70   20.16   23.61   18.53   22.89   21.70   20.16   13.79  
 18.28   27.55   26.90   25.98   27.75   25.01   27.55   26.90   25.98   27.75   25.01   27.55   26.90   25.98   27.75   25.01   27.55   26.90   25.98   27.75   25.01   27.55   26.90   25.98   27.75   25.01   27.55   26.90   25.98   17.84  
 19.94   29.17   29.71   30.00   28.52   29.82   29.17   29.71   30.00   28.52   29.82   29.17   29.71   30.00   28.52   29.82   29.17   29.71   30.00   28.52   29.82   29.17   29.71   30.00   28.52   29.82   29.17   29.71   30.00   20.02  
 13.13   19.48   21.01   22.22   17.62   22.94   19.48   21.01   22.22   17.62   22.94   19.48   21.01   22.22   17.62   22.94   19.48   21.01   22.22   17.62   22.94   19.48   21.01   22.22   17.62   22.94   19.48   21.01   22.22   14.53  
 19.84   29.02   29.58   29.89   28.36   29.72   29.02   29.58   29.89   28.36   24.85   24.13   29.58   24.49   23.99   29.72   29.02   24.70   29.89   28.36   29.72   29.02   29.58   29.89   28.36   29.72   29.02   29.58   29.89   19.93  
 18.38   27.69   27.06   26.15   27.86   25.20   27.69   20.64   24.88   22.09   21.15   22.79   22.14   21.23   22.95   20.79   22.28   18.90   24.50   28.07   22.21   27.69   27.06   26.15   27.86   25.20   27.69   27.06   26.15   17.95  
 14.95   22.82   21.63   20.08   23.54   18.44   22.82   15.64   18.83   23.54   18.44   22.82   21.63   20.08   23.54   18.44   22.82   21.63   20.08   18.46   16.27   22.82   21.63   20.08   23.54   18.44   22.82   21.63   20.08   13.72  
 21.20   31.59   31.63   31.41   31.08   30.86   31.59   23.34   30.16   31.08   30.86   31.59   31.63   31.41   31.08   30.86   31.59   31.63   31.41   26.20   26.18   31.59   31.63   31.41   31.08   30.86   31.59   31.63   31.41   21.18  
 15.72   22.87   24.10   25.10   21.55   25.57   22.87   17.39   24.48   21.55   25.57   22.87   24.10   25.10   21.55   25.57   22.87   24.10   25.10   19.25   20.53   22.87   24.10   25.10   21.55   25.57   22.87   24.10   25.10   16.52  
 15.73   22.88   24.11   25.11   21.57   25.58   12.95   17.40   24.48   21.57   25.58   22.88   24.11   25.11   21.57   25.58   22.88   24.11   25.11   19.26   20.54   22.88   24.11   25.11   21.57   25.58   22.88   24.11   25.11   16.52  
 21.20   31.58   31.62   31.40   31.07   30.85   21.90   23.36   30.15   31.07   30.85   31.58   31.62   31.40   31.07   30.85   31.58   31.62   31.40   26.20   26.20   31.58   31.62   31.40   31.07   30.85   31.58   31.62   31.40   21.18  
 14.95   22.81   21.62   20.07   23.53   15.31   22.55   15.64   18.82   23.54   18.43   22.81   21.62   20.07   23.54   18.43   22.81   21.62   20.07   18.45   16.27   22.81   21.62   20.07   23.54   18.43   22.81   21.62   20.07   13.72  
 18.39   27.70   27.07   26.16   27.77   18.48   27.70   20.65   24.91   22.12   21.19   22.82   22.17   21.27   22.98   20.84   22.30   18.95   24.52   22.91   22.50   27.70   27.07   26.16   27.87   25.22   27.70   27.07   26.16   17.96  
 19.83   29.01   29.57   29.88   28.35   29.71   29.01   29.57   29.88   28.63   24.55   22.86   25.98   24.48   23.98   29.71   27.36   21.47   29.88   28.35   29.71   29.01   29.57   29.88   28.35   29.71   29.01   29.57   29.88   19.93  
 13.13   19.49   21.01   22.22   17.62   22.94   19.49   21.01   22.22   17.62   22.94   19.49   21.01   22.22   17.62   22.94   19.49   21.01   22.22   17.62   22.94   19.49   21.01   22.22   17.62   22.94   19.49   21.01   22.22   14.53  
 19.94   29.18   29.72   30.01   28.54   29.82   29.18   29.72   30.01   28.54   29.82   29.18   29.72   30.01   28.54   29.82   29.18   29.72   30.01   28.54   29.82   29.18   29.72   30.01   28.54   29.82   29.18   29.72   30.01   20.02  
 18.27   27.54   26.89   25.96   27.73   25.00   27.54   26.89   25.96   27.73   25.00   27.54   26.89   25.96   27.73   25.00   27.54   26.89   25.96   27.73   25.00   27.54   26.89   25.96   27.73   25.00   27.54   26.89   25.96   17.83  
 15.01   22.90   21.71   20.16   23.62   18.54   22.90   21.71   20.16   23.62   18.54   22.90   21.71   20.16   23.62   18.54   22.90   21.71   20.16   23.62   18.54   22.90   21.71   20.16   23.62   18.54   22.90   21.71   20.16   13.80  
 21.25   31.65   31.71   31.51   31.13   30.96   31.65   31.71   31.51   31.13   30.96   31.65   31.71   31.51   31.13   30.96   31.65   31.71   31.51   31.13   30.96   31.65   31.71   31.51   31.13   30.96   31.65   31.71   31.51   21.23  
 15.58   22.67   23.93   24.95   21.34   25.43   22.67   23.93   24.95   21.34   25.43   22.67   23.93   24.95   21.34   25.43   22.67   23.93   24.95   21.34   25.43   22.67   23.93   24.95   21.34   25.43   22.67   23.93   24.95   16.41  
 15.86   23.08   24.29   25.27   21.78   25.72   23.08   24.29   25.27   21.78   25.72   23.08   24.29   25.27   21.78   25.72   23.08   24.29   25.27   21.78   25.72   23.08   24.29   25.27   21.78   25.72   23.08   24.29   25.27   16.63  
 21.14   31.51   31.53   31.30   31.02   30.75   31.51   31.53   31.30   31.02   30.75   31.51   31.53   31.30   31.02   30.75   31.51   31.53   31.30   31.02   30.75   31.51   31.53   31.30   31.02   30.75   31.51   31.53   31.30   21.12  
  1.94   18.60   16.62   14.34   20.05   12.29   18.60   16.62   14.34   20.05   12.29   18.60   16.62   14.34   20.05   12.29   18.60   16.62   14.34   20.05   12.29   18.60   16.62   14.34   20.05   12.29   18.60   16.62   14.34   10.23  
  4.72    0.00    0.00    0.00    0.00    0.00    0.00    0.00    0.00    0.00    0.00    0.00    0.00    0.00    0.00    0.00    0.00    0.00    0.00    0.00    0.00    0.00    0.00    0.00    0.00    0.00    0.00    0.00    0.00   13.74  
