  0.00    0.00    0.00    0.00    0.00    0.00    0.00    0.00    0.00    0.00    0.00    0.00    0.00    0.00    0.00    0.00    0.00    0.00    0.00    0.00    0.00    0.00    0.00    0.00    0.00    0.00    0.00    0.00    0.00    0.00  
  0.00    0.00    0.00    0.00    0.00    0.00    0.00    0.00    0.00    0.00    0.00    0.00    0.00    0.00    0.00    0.00    0.00    0.00    0.00    0.00    0.00    0.00    0.00    0.00    0.00    0.00    0.00    0.00    0.00    0.00  
  0.00    0.00    0.00    0.00    0.00    0.00    0.00    0.00    0.00    0.00    0.00    0.00    0.00    0.00    0.00    0.00    0.00    0.00    0.00    0.00    0.00    0.00    0.00    0.00    0.00    0.00    0.00    0.00    0.00    0.00  
  0.00    0.00    0.00    0.00    0.00    0.00    0.00    0.00    0.00    0.00    0.00    0.00    0.00    0.00    0.00    0.00    0.00    0.00    0.00    0.00    0.00    0.00    0.00    0.00    0.00    0.00    0.00    0.00    0.00    0.00  
  0.00    0.00    0.00    0.00    0.00    0.00    0.00    0.00    0.00    0.00    0.00    0.00    0.00    0.00    0.00    0.00    0.00    0.00    0.00    0.00    0.00    0.00    0.00    0.00    0.00    0.00    0.00    0.00    0.00    0.00  
  0.00    0.00    0.00    0.00    0.00    0.00    0.00    0.00    0.00    0.00    0.00    0.00    0.00    0.00    0.00    0.00    0.00    0.00    0.00    0.00    0.00    0.00    0.00    0.00    0.00    0.00    0.00    0.00    0.00    0.00  
  0.00    0.00    0.00    0.00    0.00    0.00    0.00    0.00    0.00    0.00    0.00    0.00    0.00    0.00    0.00    0.00    0.00    0.00    0.00    0.00    0.00    0.00    0.00    0.00    0.00    0.00    0.00    0.00    0.00    0.00  
  0.00    0.00    0.00    0.00    0.00    0.00    0.00    0.00    0.00    0.00    0.00    0.00    0.00    0.00    0.00    0.00    0.00    0.00    0.00    0.00    0.00    0.00    0.00    0.00    0.00    3.27    0.06    0.00    0.00    0.00  
  0.00    0.00    0.00    0.00    0.00    0.00    0.00    0.00    0.00    0.00    0.00    0.00    0.00    0.00    0.00    0.00    0.00    0.00    0.00    0.00    0.00    0.00    0.00    0.00    0.00    9.42    1.12    0.00    0.00    0.00  
  0.00    0.00    0.00    0.00    9.35   10.06   18.22   17.79    4.32    6.84   13.93   13.65   13.92   13.92   14.97   14.79   13.93   13.93   13.65   13.94    6.94    4.97   19.38    5.23    0.00    0.00    0.00    0.00    0.00    0.00  
  0.00    0.00    0.00    0.00    0.00   15.05   27.26   26.63    6.46   14.12   29.47   29.40   29.17   29.43   30.96   30.77   29.48   29.06   29.41   29.45   14.77    5.87   24.09   21.04    0.00    0.00    0.00    0.00    0.00    0.00  
  0.00    0.00    0.00    0.00    0.00   11.61   21.03   17.68    2.83   14.76   32.50   32.54   32.42   32.54   32.49   32.46   32.56   32.40   32.54   32.52   17.32    5.66   23.22   23.74    0.00    0.00    0.00    0.00    0.00    0.00  
  0.00    0.00    0.00    0.00    0.00    3.46   14.35   23.86    5.79   14.76   32.72   32.59   32.81   32.57   32.73   32.74   32.57   32.79   32.63   32.70   17.59    5.18   21.24   11.65    0.00    0.00    0.00    0.00    0.00    0.00  
  0.00    0.00    0.00    0.00    0.00    0.00    9.36   18.80    3.74   15.00   32.62   32.67   32.53   32.67   32.61   32.58   32.69   32.51   32.67   32.64   17.38    2.15    8.83    4.02    0.00    0.00    0.00    0.00    0.00    0.00  
  0.00    0.00    0.00    0.00    0.00    0.00   12.78   25.66    5.11   14.75   32.16   32.06   32.23   32.05   32.16   32.16   32.05   32.20   32.09   32.15   17.27    0.00    0.00    0.00    0.00    0.00    0.00    0.00    0.00    0.00  
  0.00    0.00    0.00    0.00    0.00    0.00   10.75   21.58    4.29   14.70   31.99   31.96   31.96   31.96   31.98   31.96   31.97   31.94   31.98   31.99   17.10    0.00    0.00    0.00    0.00    0.00    0.00    0.00    0.00    0.00  
  0.00    0.00    0.00    0.00    0.00    0.00   11.37   22.82    4.54   14.57   32.00   31.98   31.97   31.98   31.99   31.97   31.99   31.95   31.99   32.01   17.10    0.00    0.00    0.00    0.00    0.00    0.00    0.00    0.00    0.00  
  0.00    0.00    0.00    0.00    0.00    3.37   15.81   23.89    4.21   14.57   32.22   32.12   32.30   32.10   32.23   32.23   32.10   32.27   32.15   31.52   15.44    0.00   10.14   20.02   10.02    0.00    0.00    0.00    0.00    0.00  
  0.00    0.00    0.00    0.00    0.00   11.71   22.42   17.13    2.07   14.96   32.69   32.74   32.59   32.74   32.67   32.64   32.76   32.58   32.73   30.09    9.55    2.16    8.86    9.06    5.01    0.00    0.00    0.00    0.00    0.00  
  0.00    0.00    0.00    0.00    0.00   14.94   28.80   26.60    4.69   13.92   29.18   29.09   28.89   29.12   29.04   28.85   28.85   29.28   29.09   27.22    9.71    6.25   25.63   26.20   14.49    0.00    0.00    0.00    0.00    0.00  
  0.00    0.00    0.00    0.00    0.00   10.12   19.35   17.72    3.13    6.84   13.93   13.64   13.92   13.92   12.82   13.92   13.92   13.64   13.92   12.79    5.41    2.41    8.91    1.09    0.60    0.00    0.00    0.00    0.00    0.00  
  0.00    0.00    0.00    0.00    0.00    0.00    0.00    0.00    0.00    0.00    0.00    0.00    0.00    0.00    0.00    0.00    0.00    0.00    0.00    0.00    0.00    4.33   17.76    8.07    0.00    8.16    1.76    0.00    0.00    0.00  
  0.00    0.00    0.00    0.00    0.00    0.00    0.00    0.00    0.00    0.00    0.00    0.00    0.00    0.00    0.00    0.00    0.00    0.00    0.00    0.00    0.00    0.00    0.00    0.00    0.00    1.69    0.36    0.00    0.00    0.00  
  0.00    0.00    0.00    0.00    0.00    0.00    0.00    0.00    0.00    0.00    0.00    0.00    0.00    0.00    0.00    0.00    0.00    0.00    0.00    0.00    0.00    0.00    0.00    0.00    0.00    0.00    0.00    0.00    0.00    0.00  
  0.00    0.00    0.00    0.00    0.00    0.00    0.00    0.00    0.00    0.00    0.00    0.00    0.00    0.00    0.00    0.00    0.00    0.00    0.00    0.00    0.00    0.00    0.00    0.00    0.00    0.00    0.00    0.00    0.00    0.00  
  0.00    0.00    0.00    0.00    0.00    0.00    0.00    0.00    0.00    0.00    0.00    0.00    0.00    0.00    0.00    0.00    0.00    0.00    0.00    0.00    0.00    0.00    0.00    0.00    0.00    0.00    0.00    0.00    0.00    0.00  
  0.00    0.00    0.00    0.00    0.00    0.00    0.00    0.00    0.00    0.00    0.00    0.00    0.00    0.00    0.00    0.00    0.00    0.00    0.00    0.00    0.00    0.00    0.00    0.00    0.00    0.00    0.00    0.00    0.00    0.00  
  0.00    0.00    0.00    0.00    0.00    0.00    0.00    0.00    0.00    0.00    0.00    0.00    0.00    0.00    0.00    0.00    0.00    0.00    0.00    0.00    0.00    0.00    0.00    0.00    0.00    0.00    0.00    0.00    0.00    0.00  
  0.00    0.00    0.00    0.00    0.00    0.00    0.00    0.00    0.00    0.00    0.00    0.00    0.00    0.00    0.00    0.00    0.00    0.00    0.00    0.00    0.00    0.00    0.00    0.00    0.00    0.00    0.00    0.00    0.00    0.00  
  4.72    0.00    0.00    0.00    0.00    0.00    0.00    0.00    0.00    0.00    0.00    0.00    0.00    0.00    0.00    0.00    0.00    0.00    0.00    0.00    0.00    0.00    0.00    0.00    0.00    0.00    0.00    0.00    0.00    0.00  
